100050
100070
100100
100300
100650
100690
100710
100720
100725
100730
100800
100850
101000
101200
101400
102300
102500
102530
102545
102582
102600
102610
102630
102642
102680
102700
102750
102770
102771
102772
103000
103020
103050
103072
103100
103220
103280
103300
103320
103420
103470
103580
103600
103730
103850
103950
104100
104130
104150
104155
104160
104170
104200
104225
104240
104300
104311
104500
104530
104614
104620
104760
105150
105400
105500
105600
105650
105800
105830
106100
106150
106165
106180
106190
106210
106260
106300
107265
107271
107300
107310
107320
107323
107400
107470
107580
107600
107680
107730
107741
107777
107820
107910
107930
107970
108120
108145
108300
108370
108600
108730
108733
108780
108961
108962
109150
109200
109270
109535
109650
109690
109691
109700
109740
109750
110100
110300
111100
111150
111600
111700
112205
112210
112261
112264
113000
113100
113310
113505
113620
113700
113730
113750
113800
113810
113811
114000
114010
114021
114090
114100
114205
114206
114208
114220
114240
114251
114290
114480
114500
114550
114761
114815
115197
115200
115300
115435
115500
115501
115700
116700
116790
116806
116840
116920
116955
116960
117000
117100
117143
117550
117650
117700
117800
118100
118190
118200
118210
118230
118300
118301
118420
118425
118470
118490
118494
118600
118700
118900
119100
119530
119550
119600
119915
120070
120120
120131
120140
120150
120160
120180
120200
120210
120220
120240
120250
120260
120270
120280
120290
120320
120328
120350
120353
120360
120361
120420
120436
120470
120550
120570
120575
120650
120700
120810
120820
120900
120920
120950
120960
121011
121014
121200
121210
121300
121400
122000
122200
122440
122470
122500
122560
122600
122720
122860
123000
123100
123150
123400
123500
123570
123580
123590
123630
123690
123695
123700
123811
123825
123831
123841
123860
123870
123889
123890
123980
124000
124015
124020
124030
124050
124080
124089
124092
124480
124500
125250
125270
125400
125460
125480
125505
125590
125645
125647
125660
125670
125671
125700
125800
126060
126064
126065
126090
126200
126300
126340
126350
126375
126380
126451
126455
126650
126700
127000
127100
127400
127500
127550
128100
128200
128230
128239
129010
129190
129490
129500
129600
130050
130060
130070
130090
130130
130160
130410
130620
130900
131100
131200
131210
131222
131240
131242
131243
131244
131320
131370
131399
131530
131550
131705
131750
131760
131800
131850
131880
131900
131950
132100
132400
132600
132810
133200
133239
133430
133510
133520
133530
133540
133550
133780
134350
134370
134371
134500
134540
134570
134580
134600
134610
134637
134638
134790
134797
134820
134830
134850
134934
135300
135400
135700
135820
135900
135940
136100
136120
136132
136140
136350
136352
136430
136435
136500
136530
136533
136535
136600
136760
136820
136850
136880
136900
137060
137070
137100
137150
137167
137200
137280
137290
137370
137580
137750
137780
137800
137940
137960
138079
138090
138130
138140
138160
138210
138244
138250
138290
138292
138300
138320
138322
138420
138470
138491
138570
138571
138720
138850
138890
138945
138981
139090
139130
139191
139250
139300
139320
139330
139340
139350
139396
139450
139900
140300
140600
141850
141900
142340
142409
142410
142440
142461
142600
142622
142623
142700
142704
142810
142830
142840
142857
142871
142955
142968
142976
142983
142992
142993
143050
143095
143450
143470
143500
143860
143880
144200
144250
144650
144700
145000
145260
145295
145500
145600
145650
145900
145980
146110
146200
146255
146300
146450
146500
146550
146600
146661
146690
146700
146740
146750
146770
146790
146880
146920
146929
146933
147020
147060
147061
147080
147150
147200
147245
147265
147267
147280
147370
147430
147440
147450
147470
147520
147556
147557
147558
147569
147570
147571
147575
147620
147670
147679
147683
147700
147730
147740
147781
147796
147950
148040
148060
148066
148067
148070
148080
148210
148300
148350
148760
148820
149400
149700
150000
150240
150250
150260
150292
150310
150320
150325
150330
150341
150370
150400
150590
150699
151350
151443
151460
151600
151623
151670
151750
151800
152390
152424
152445
152700
152760
152780
152790
152950
153100
153390
153440
153454
153455
153622
153670
154045
154050
154230
154235
154280
154400
154500
154550
154700
154800
154870
154950
155050
155310
155540
155541
155555
155600
155730
155760
156100
156225
156230
156300
156490
156530
156560
156570
156580
156610
156810
156830
156845
157140
157147
157150
157200
157300
157640
157655
157660
157900
157970
158000
158105
158250
158340
158375
158378
158590
158600
158810
158900
159000
159100
159350
159440
159460
159530
159600
159950
160150
160565
160720
160740
160745
160760
160777
160790
160794
160800
160993
160998
161000
161015
161200
161400
161561
161650
161800
161950
162030
162080
162230
162280
162330
162332
162350
162380
162643
162700
162800
163400
163729
163730
163800
163890
163950
164000
164010
164050
164160
164190
164200
164210
164230
164300
164310
164340
164350
164360
164400
164500
164730
164745
164750
164757
164761
164790
164820
164860
164870
164920
164950
164975
165190
165199
165240
165330
165500
165510
165640
165720
166000
166210
166300
166600
167000
167100
167200
167220
167320
167410
167411
167413
167415
167420
167750
167790
167870
168450
168461
168468
168600
168830
169400
169550
169615
169700
170100
170260
170261
170280
170400
170650
170700
170710
170715
170990
170993
170995
171060
171100
171200
171300
171400
171640
171650
171760
171833
171834
171900
172100
172400
172411
172460
172471
172480
172490
172800
172860
173100
173110
173200
173321
173325
173335
173350
173360
173410
173470
173510
173515
173650
173900
173910
174000
174200
174300
174761
174762
174763
175100
175200
175900
176000
176100
176261
176400
176430
176640
176670
176690
176705
176740
176797
176801
176804
176807
176830
176860
176872
176876
176880
176883
176891
176893
176930
176941
176943
176947
176977
176980
176982
177000
177046
177070
177170
177400
177735
177850
177900
178110
178600
178640
179035
179200
179410
179590
179605
179615
179616
179617
179618
179800
179820
179830
179838
179840
179900
180040
180069
180071
180072
180073
180090
180100
180104
180105
180200
180210
180220
180250
180290
180297
180300
180380
180381
180430
180700
180721
180860
180901
180902
180960
181031
181270
181350
181430
181500
181510
181590
181700
182100
182120
182125
182135
182138
182170
182205
182230
182282
182283
182307
182309
182330
182380
182381
182410
182530
182600
182601
182860
182900
182940
182960
182980
183086
183090
183600
183900
184000
184250
184252
184260
184450
184600
184757
184840
184900
185050
185100
185470
185535
185620
185880
186357
186711
186740
186790
186830
186845
186880
186910
186930
186973
187270
187400
187500
187600
187680
187800
188250
188400
188450
188540
188570
188826
188830
188840
189200
189300
189500
189800
189907
189964
190000
190010
190020
190040
190070
190090
190151
190160
190180
190182
190195
190197
190230
190315
190330
190350
190450
190990
191030
191041
191044
191130
191160
191170
191181
191195
191290
191311
191315
191329
191330
191342
191350
191525
191740
191830
191840
191845
192090
192132
192240
192340
192430
192500
192600
192700
192977
193090
193100
193200
193400
193510
193530
193670
193700
194190
194300
194360
194363
194380
194400
194648
195000
200100
200110
200130
200150
200170
200300
200350
200400
200450
200500
200600
200610
200700
200900
200950
200970
200980
200990
200995
201000
201020
201050
201100
201170
201180
201250
201300
201310
201400
201450
201470
201475
201550
201710
201750
201810
201910
202010
202110
202150
202155
202200
202300
202355
202370
202400
202550
202600
202650
202660
202700
202900
203000
203100
203200
203290
203300
203400
203450
203500
203550
203600
203650
203655
203700
203740
203750
203760
203780
203800
204000
204100
204110
204200
204300
204500
204650
204690
204700
204730
204750
204800
204850
204870
204900
205000
205100
205200
205250
205400
205700
205950
206000
206100
206200
206300
206400
206500
206550
206570
206600
206700
206750
206780
206800
206920
207000
207300
207410
207500
207600
207620
207720
207731
207740
207750
207770
207780
207790
207800
207900
208000
208050
208060
208080
208081
208085
208100
208150
208155
208158
208230
208250
208300
208400
208500
208530
208540
208550
208600
208700
208750
208850
208870
208900
208910
208920
209010
209050
209100
209300
209500
209600
209770
209800
209850
209900
209901
209920
209950
209970
210000
210050
210100
210200
210210
210250
210350
210370
210400
210550
210600
210700
210710
210720
210730
210740
210745
210750
210900
211000
211100
211120
211180
211200
211350
211369
211370
211380
211390
211480
211500
211530
211600
211750
211770
211800
211890
211900
211910
211920
211930
211960
211980
211990
212050
212060
212065
212066
212067
212070
212080
212090
212093
212100
212112
212130
212135
212138
212140
212160
212200
212350
212360
212400
212500
212540
212550
212710
212720
212750
212780
212800
212835
212840
212850
212890
212895
213000
213002
213010
213100
213200
213300
213400
213500
213600
213700
213900
213950
213980
214100
214110
214150
214200
214290
214300
214350
214370
214400
214450
214500
214700
214900
214950
214980
215030
215045
215050
215100
215105
215140
215150
215250
215300
215450
215470
215480
215500
215510
215518
215520
215550
215600
215700
215720
215800
215850
216100
216300
216330
216340
216360
216400
216411
216550
216700
216800
216820
216900
216920
216950
217000
217030
217080
217085
217090
217095
217150
217200
217300
217400
217500
217520
217600
217700
217800
217980
217990
218000
218010
218030
218040
218050
218100
218200
218300
218330
218340
218350
218400
218450
218530
218550
218600
218649
218650
218670
218700
218800
218900
219000
219070
219090
219095
219100
219150
219200
219250
219300
219400
219500
219550
219600
219700
219721
219730
219750
219800
219900
220100
220110
220111
220120
220150
220200
220210
220219
220220
220290
220300
220400
220500
220600
220900
221200
221300
221320
221350
221400
221500
221700
221740
221745
221750
221760
221770
221780
221790
221800
221810
221900
221950
222100
222300
222350
222400
222448
222470
222500
222600
222690
222700
222730
222748
222765
222800
222900
223000
223100
223200
223300
223320
223330
223340
223350
223360
223370
223380
223400
223500
223540
223550
223800
223900
224000
224050
224100
224120
224230
224250
224300
224400
224410
224500
224550
224690
224700
224750
224800
224900
225000
225040
225050
225060
225100
225200
225280
225290
225300
225310
225320
225400
225410
225500
225700
225740
225750
225753
225755
225790
226000
226100
226150
226200
226300
226350
226400
226440
226500
226600
226650
226670
226700
226730
226735
226750
226800
226850
226900
226950
226960
226980
226990
227000
227010
227050
227090
227150
227210
227220
227240
227250
227255
227260
227270
227280
227300
227310
227320
227330
227400
227500
227600
227645
227646
227650
227810
227850
228000
228020
228100
228250
228300
228355
228400
228520
228550
228560
228600
228800
228900
228930
228940
228960
228980
228990
229000
229045
229050
229070
229100
229120
229200
229230
229250
229300
229310
229400
229500
229600
229650
229700
229800
229850
230000
230200
230300
230350
230400
230450
230500
230600
230650
230740
230750
230800
230900
231000
231005
231050
231060
231070
231080
231090
231095
231100
231200
231300
231530
231550
231630
231670
231675
231680
231690
231900
231950
231970
232000
232050
232200
232220
232240
232300
232400
232500
232600
232700
232800
232900
233100
233270
233300
233400
233420
233430
233450
233500
233600
233650
233670
233690
233700
233710
233800
233805
233810
233910
234000
234030
234050
234100
234200
234250
234280
234350
234500
234580
234700
234800
234810
234820
235200
235255
235370
235400
235500
235510
235550
235555
235700
235740
235750
235760
235800
235830
235900
236000
236100
236110
236130
236200
236250
236270
236300
236400
236410
236450
236500
236600
236635
236640
236660
236670
236680
236690
236700
236730
236792
236795
236800
236900
237000
237100
237300
237310
237400
237450
237500
237550
237900
238300
238310
238320
238330
238331
238340
238350
238600
238700
238710
238750
238800
238950
238970
239000
239100
239199
239200
239300
239350
239500
239510
239710
239711
239800
239840
239850
239900
240000
240150
240200
240300
240400
240500
240600
240800
240950
241000
241080
241090
241100
241120
241150
241200
241310
241410
241500
241510
241519
241520
241530
241550
241600
241760
241800
241850
242050
242100
242150
242300
242500
242510
242520
242530
242550
242600
242670
242680
242700
242840
242850
242860
242870
242880
242890
242900
243000
243050
243060
243080
243100
243110
243150
243180
243185
243200
243300
243305
243310
243320
243400
243440
243450
243500
243600
243605
243700
243800
243910
244100
244300
244400
244450
244460
244600
244850
245000
245010
245050
245100
245130
245150
245180
245190
245200
245348
245349
245400
245450
245480
245550
245552
245600
245650
245660
245800
245900
246000
246200
246400
246450
246470
246500
246530
246550
246555
246560
246570
246600
246650
246700
246900
247100
247150
247200
247410
247420
247430
247440
247450
247610
247630
247640
247650
247800
247950
247990
248000
248010
248100
248110
248190
248200
248250
248260
248300
248310
248340
248360
248370
248390
248400
248450
248500
248510
248600
248610
248611
248700
248760
248770
248800
248900
248910
248950
249000
249100
249230
249240
249270
249300
249310
249420
249500
249599
249600
249620
249630
249650
249660
249670
249700
249710
249900
250100
250215
250220
250230
250250
250300
250400
250410
250420
250450
250460
250500
250620
250650
250700
250790
250800
250850
250900
250940
250950
250951
251000
251100
251110
251120
251170
251190
251200
251220
251230
251240
251250
251255
251260
251270
251280
251290
251300
251400
251450
251505
251600
251700
251750
251800
251850
251880
251900
251945
251950
252010
252011
252100
252150
252160
252250
252270
252300
252320
252350
252500
252600
252605
252650
252700
252800
252900
252920
252930
252940
253000
253010
253200
253220
253240
253250
253260
253270
253280
253290
253300
253310
253320
253400
253550
253590
253600
253601
253700
253800
253900
254000
254090
254100
254110
254120
254130
254150
254190
254200
254210
254300
254600
254700
254770
254780
254800
254900
254940
254950
254960
255100
255110
255120
255125
255140
255160
255200
255300
255310
255320
255500
255600
255700
255710
255800
255900
255960
255980
255990
255995
256000
256020
256030
256040
256050
256100
256120
256150
256200
256300
256450
256500
256520
256540
256550
256600
256690
256700
256710
256720
256730
256731
256800
256810
256840
256850
256855
256860
256870
257000
257100
257150
257200
257220
257270
257300
257320
257350
257400
257500
257550
257600
257790
257800
257850
257910
257920
257960
257970
257980
258040
258100
258150
258200
258300
258315
258320
258360
258400
258450
258470
258480
258500
258501
258650
258660
258700
258800
258840
258850
258860
258865
258870
258900
259100
259200
259250
259270
259410
259420
259440
259450
259500
259550
259600
259610
259650
259660
259680
259690
259700
259710
259720
259730
259750
259770
259775
259780
259900
260000
260005
260100
260130
260150
260200
260300
260370
260400
260450
260470
260480
260500
260530
260540
260555
260565
260570
260600
260650
260660
260800
260900
260920
260950
260970
261000
261100
261400
261500
261515
261540
261550
261560
261575
261590
261600
261630
261640
261650
261670
261680
261740
261750
261800
261900
261990
262000
262020
262190
262300
262400
262500
262600
262650
262710
262800
262850
262875
262890
262900
263000
263100
263200
263210
263400
263450
263520
263540
263550
263570
263600
263610
263630
263650
263700
263750
263800
264010
264050
264060
264070
264080
264090
264110
264120
264140
264180
264270
264300
264350
264420
264470
264475
264480
264500
264600
264700
264800
264900
265000
265050
265100
265120
265140
265150
265200
265300
265380
265400
265430
265500
265800
265850
265880
265900
265950
266100
266120
266130
266140
266150
266200
266250
266255
266265
266270
266280
266300
266350
266400
266500
266510
266600
266810
266900
266910
266920
267000
267010
267200
267300
267400
267430
267480
267500
267700
267730
267740
267750
267760
267800
267900
268000
268010
268020
268025
268040
268050
268060
268080
268100
268150
268200
268210
268220
268240
268250
268300
268305
268310
268315
268320
268400
268500
268650
268700
268800
268850
268900
269000
269200
269250
269300
269400
269500
269600
269630
269650
269700
269720
269800
269840
269860
269870
269880
269920
270150
270200
270220
270300
270350
270400
270420
270425
270450
270460
270500
270550
270600
270685
270700
270750
270800
270850
270900
270950
270960
270970
271109
271110
271150
271200
271220
271225
271245
271250
271270
271310
271320
271322
271400
271500
271510
271520
271530
271600
271620
271630
271640
271650
271665
271700
271900
271930
271950
271960
271980
272000
272100
272120
272150
272200
272300
272350
272370
272430
272440
272450
272460
272600
272620
272650
272700
272750
272800
272950
272980
273000
273050
273120
273150
273250
273300
273390
273395
273400
273680
273730
273740
273750
273770
273800
273900
274000
274150
274180
274190
274200
274205
274210
274240
274265
274270
274300
274400
274500
274600
274700
274800
274900
275000
275100
275120
275190
275200
275210
275220
275230
275240
275250
275300
275350
275355
275370
275400
275450
275595
275630
275900
276000
276100
276200
276300
276400
276410
276600
276700
276710
276800
276820
276821
276822
276880
276900
276901
276902
276903
276904
276950
277100
277150
277170
277175
277180
277200
277300
277320
277350
277380
277400
277410
277440
277450
277460
277465
277470
277480
277580
277590
277600
277610
277700
277720
277730
277740
277900
277970
277990
278000
278100
278150
278200
278250
278300
278700
278720
278730
278740
278750
278760
278780
278800
278850
278900
279000
280000
300000
300001
300003
300005
300008
300009
300011
300013
300014
300016
300017
300018
300019
300029
300032
300035
300036
300037
300039
300042
300048
300049
300055
300068
300071
300072
300078
300080
300084
300088
300090
300095
300100
300105
300106
300110
300116
300120
300123
300126
300127
300131
300135
300137
300138
300139
300142
300143
300144
300155
300158
300160
300163
300166
300169
300170
300171
300172
300180
300188
300189
300192
300193
300194
300197
300199
300200
300202
300204
300205
300206
300209
300220
300221
300232
300238
300248
300256
300260
300261
300265
300266
300267
300271
300275
300278
300280
300291
300292
300294
300298
300299
300300
300304
300307
300311
300319
300322
300323
300331
300345
300350
300352
300354
300355
300356
300367
300371
300376
300377
300378
300379
300382
300383
300384
300386
300390
300391
300392
300394
300395
300398
300400
300401
300414
300415
300422
300423
300424
300429
300436
300451
300455
300457
300460
300461
300463
300470
300471
300472
300473
300474
300475
300476
300481
300484
300485
300486
300489
300490
300491
300500
300502
300514
300515
300519
300521
300523
300524
300533
300534
300535
300538
300539
300546
300550
300552
300553
300554
300555
300556
300558
300559
300578
300600
300607
300612
300613
300614
300615
300617
300619
300624
300628
300629
300633
300636
300640
300644
300645
300650
300653
300654
300658
300659
300660
300661
300673
300676
300696
300699
300700
300703
300711
300712
300719
300746
300747
300750
300751
300752
300755
300757
300758
300774
300776
300777
300798
300804
300806
300807
300808
300813
300814
300816
300821
300822
300823
300824
300827
300828
300830
300831
300834
300835
300836
300839
300841
300842
300843
300845
300850
300851
300855
300858
300859
300860
300861
300864
300868
300869
300870
300872
300881
300884
300886
300888
300895
300897
300911
300912
300913
300914
300915
300918
300919
300923
300928
300934
300945
300946
300957
300958
300960
300963
300964
300966
300967
300968
300971
300972
301000
301050
301200
301300
301310
301410
301500
301590
301790
301800
301830
301835
301840
301870
301900
301950
302030
302060
302350
302500
302600
302800
302801
302802
302900
302950
302960
303110
303350
303400
303630
303631
303700
303800
304020
304030
304040
304050
304100
304110
304150
304300
304340
304350
304400
304500
304700
304730
304790
304800
304950
305000
305100
305200
305350
305371
305390
305400
305450
305620
305690
305700
305915
305920
306000
306250
306400
306700
306900
306955
306960
306980
306990
307000
307030
307150
307200
307300
307700
307800
308000
308050
308100
308200
308205
308230
308240
308350
308380
308500
308600
308700
308800
308830
308840
308850
308905
308990
309000
309050
309120
309300
309350
309400
309500
309510
309520
309541
309548
309550
309560
309580
309583
309585
309610
309630
309640
309850
309900
310200
310300
310400
310440
310460
310465
310468
310470
310490
310500
310600
310700
311000
311070
311200
311250
311400
311510
311770
311800
311850
311870
311900
312000
312060
312080
312100
312150
312170
312180
312200
312300
312500
312550
312600
312610
312612
312700
312750
312820
312830
312863
312865
312870
312920
313000
313200
313400
313430
313440
313490
313500
313650
313700
313900
314050
314100
314200
314250
314320
314360
314370
314390
314400
314500
314580
314690
314700
314850
400020
400044
400045
425000
480000
500003
516005
516030
516040
516060
530000
535000
545000
590060
590075
598500
600000
600002
600005
600016
600020
600024
600028
600031
600040
600046
600053
600060
600065
600073
600075
600079
600081
600089
600092
600093
600105
600108
600110
600112
600116
600118
600119
600121
600122
600123
600132
600142
600143
600144
600145
600147
600151
600155
600163
600171
600173
600176
600179
600185
600195
600201
600204
600206
600211
600221
600224
600225
600228
600229
600236
600244
600251
600259
600263
600268
600271
600274
600275
600279
600286
600289
600294
600301
600302
600310
600315
600316
600319
600325
600329
600333
600334
600335
600342
600354
600359
600360
600361
600364
600373
600374
600384
600388
600414
600415
600417
600423
600429
600435
600450
600451
600457
600459
600460
600461
600462
600463
600465
600478
600481
600488
600501
600502
600509
600510
600511
600514
600515
600521
600523
600528
600529
600532
600533
600536
600546
600548
600555
600556
600565
600570
600576
600577
600579
600582
600584
600595
600599
600617
600623
600627
600630
600631
600632
600635
600638
600643
600644
600649
600650
600664
600666
600669
600670
600674
600675
600678
600682
600698
600702
600716
600721
600722
600724
600726
600733
600749
600755
600760
600761
600771
600776
600778
600783
600791
600792
600799
600800
600802
600803
600805
600807
600810
600811
600814
600825
600827
600829
600835
600837
600838
600839
600845
600853
600856
600857
600859
600876
600880
600890
600899
600900
600901
600903
600906
600908
600909
600920
600924
600925
600929
600936
600937
600939
600943
600946
600956
600957
600958
600965
600966
600968
600970
600971
600972
600974
600975
600976
600977
600980
600983
600985
600995
601001
601002
601003
601005
601007
601011
601014
601015
601016
601022
601023
601027
601039
601047
601065
601067
601071
601072
601075
601083
601086
601089
601090
601093
601094
601095
601096
601097
601104
601105
601107
601110
601114
601119
601127
601134
601143
601145
601146
601147
601150
601152
601156
601160
601161
601162
601163
601165
601170
601184
601186
601187
601190
601192
601197
601199
601214
601215
601216
601217
601220
601228
601232
601236
601238
601240
601248
601253
601255
601259
601277
601282
601287
601295
601296
601313
601314
601317
601319
601322
601330
601331
601332
601336
601341
601346
601347
601348
601350
601351
601352
601353
601355
601356
601360
601367
601370
601371
601372
601373
601374
601376
601382
601385
601386
601387
601389
601390
601395
601397
601411
601417
601419
601420
601421
601424
601427
601428
601438
601439
601440
601443
601445
601449
601452
601455
601457
601460
601462
601465
601466
601470
601477
601479
601487
601488
601492
601495
601498
601500
601517
601525
601527
601536
601537
601538
601539
601542
601543
601544
601549
601552
601553
601556
601559
601561
601565
601566
601567
601570
601573
601591
601592
601593
601596
601599
601604
601607
601608
601609
601612
601615
601617
601618
601622
601623
601627
601631
601634
601652
601653
601656
601665
601668
601675
601678
601683
601688
601689
601690
601691
601692
601699
601701
601705
601706
601707
601718
601724
601728
601731
601739
601748
601752
601756
601757
601758
601763
601767
601769
601771
601776
601777
601778
601780
601785
601788
601789
601791
601794
601800
601802
601806
601809
601810
601811
601813
601815
601820
601825
601843
601844
601847
601853
601859
601860
601861
601863
601865
601869
601873
601881
601884
601898
601902
601905
601906
601920
601925
601927
601928
601952
601954
601962
601976
601978
601982
601992
602014
602023
602024
602025
602026
602032
602044
602053
602054
602060
602063
602068
602072
602078
602079
602083
602088
602090
602091
602092
602093
602095
602097
602099
602109
602111
602114
602121
602125
602136
602137
602141
602142
602150
602152
602153
602167
602168
602170
602183
602184
602194
602195
602199
602200
602201
602202
602207
602208
602216
602219
602225
602233
602235
602243
602244
602257
602260
602271
602272
602279
602280
602286
602290
602291
602292
602296
602302
602311
602319
602322
602334
602336
602337
602340
602342
602345
602346
602347
602358
602360
602361
602365
602366
602368
602376
602378
602390
602393
602394
602397
602398
602400
602401
602413
602418
602421
602427
602432
602433
602438
602440
602450
602457
602471
602473
602475
602484
602485
602498
602522
602533
602536
602540
602541
602544
602557
602558
602568
602574
602575
602576
602579
602583
602593
602594
602606
602611
602612
602613
602616
602617
602627
602631
602635
602638
602639
602642
602643
602656
602661
602666
602667
602668
602669
602671
602676
602686
602690
602693
602694
602700
602703
602713
602716
602722
602727
602743
602744
602745
602753
602759
602765
602767
602768
602770
602771
602772
602773
602774
602782
602783
602841
602851
602858
602859
602860
602867
602875
602876
602880
602900
602911
602943
602959
602974
602978
602985
602997
603005
603009
603010
603013
603028
603029
603033
603034
603041
603046
603051
603056
603057
603060
603066
603072
603084
603098
603100
603103
603111
603113
603116
603117
603122
603128
603133
603136
603147
603155
603164
603174
603175
603176
603178
603194
603197
603198
603200
603201
603202
603205
603206
603208
603214
603234
603248
603258
603263
603273
603276
603278
603283
603286
603287
603288
603297
603307
603317
603323
603324
603335
603339
603342
603345
603357
603358
603360
603368
603371
603372
603377
603381
603388
603394
603395
603400
603401
603409
603415
603424
603438
603448
603454
603463
603470
603471
603474
603490
603491
603495
603499
603503
603504
603506
603507
603513
603517
603518
603527
603529
603530
603531
603537
603539
603552
603553
603554
603557
603560
603564
603576
603585
603590
603593
603594
603604
603605
603610
603612
603615
603617
603629
603639
603644
603646
603647
603650
603657
603667
603671
603678
603680
603681
603690
603693
603700
603707
603708
603711
603716
603718
603720
603721
603722
603727
603736
603740
603741
603743
603756
603758
603767
603770
603780
603785
603786
603799
603805
603810
603811
603813
603816
603818
603824
603834
603835
603839
603846
603848
603859
603861
603864
603867
603868
603892
603896
603902
603903
603908
603918
603921
603930
603933
603937
603941
603942
603945
603946
603959
603967
603968
604004
604025
604027
604032
604041
604043
604050
604060
604063
604091
604093
604095
604096
604103
604110
604116
604123
604124
604127
604129
604134
604139
604142
604144
604149
604159
604161
604168
604173
604190
604194
604202
604210
604211
604212
604213
604217
604219
604229
604232
604237
604242
604258
604267
604270
604272
604273
604277
604278
604283
604285
604286
604289
604290
604294
604296
604297
604305
604310
604312
604313
604314
604315
604317
604320
604321
604322
604327
604329
604346
604349
604357
604360
604363
604365
604366
604369
604373
604377
604379
604386
604387
604391
604392
604393
604395
604402
604404
604418
604431
604446
604447
604454
604455
604457
604473
604485
604487
604488
604489
604490
604498
604501
604505
604515
604519
604526
604530
604532
604539
604544
604557
604558
604563
604566
604569
604571
604574
604577
604579
604580
604581
604584
604588
604590
604592
604594
604595
604597
604610
604611
604613
604614
604615
604629
604630
604633
604638
604655
604672
604685
604705
604710
604712
604714
604723
604741
604759
604761
604766
604767
604772
604774
604777
604780
604801
604802
604804
604824
604827
604831
604839
604843
604860
604863
604878
604882
604895
604896
604900
604901
604902
604907
604912
604918
604922
604927
604928
604931
604933
604934
604943
604946
604965
604973
604982
604985
605000
605010
605013
605014
605018
605019
605020
605021
605025
605028
605031
605038
605039
605042
605046
605047
605073
605080
605082
605083
605084
605086
605100
605111
605113
605124
605131
605142
605145
605158
605174
605178
605195
605197
605202
605204
605206
605210
605226
605229
605231
605232
605235
605236
605238
605239
605242
605244
605248
605253
605257
605258
605262
605266
605268
605270
605275
605280
605282
605285
605290
605294
605313
605325
605336
605347
605353
605355
605361
605363
605364
605367
605371
605378
605379
605380
605383
605384
605388
605389
605400
605403
605407
605420
605423
605425
605427
605428
605429
605437
605446
605452
605459
605460
605461
605472
605479
605480
605481
605483
605490
605495
605497
605507
605511
605512
605514
605516
605517
605518
605519
605522
605525
605526
605537
605546
605549
605554
605555
605558
605564
605566
605573
605577
605588
605589
605593
605597
605608
605610
605616
605618
605632
605634
605637
605646
605648
605653
605654
605676
605692
605704
605706
605711
605724
605725
605726
605736
605740
605742
605747
605748
605749
605755
605764
605775
605777
605799
605809
605810
605814
605815
605818
605820
605822
605828
605829
605837
605840
605849
605850
605856
605862
605870
605879
605880
605881
605882
605896
605899
605907
605908
605909
605921
605925
605942
605944
605945
605947
605950
605956
605958
605978
605981
605988
605993
605995
605998
606002
606003
606014
606016
606019
606034
606036
606037
606045
606053
606054
606056
606068
606072
606075
606097
606102
606119
606142
606144
606145
606151
606152
606157
606158
606170
606183
606195
606201
606202
606210
606214
606215
606220
606224
606227
606242
606247
606252
606255
606257
606264
606268
606269
606271
606272
606273
606324
606326
606350
606351
606352
606353
606367
606368
606369
606370
606373
606374
606389
606397
606399
606407
606408
606409
606410
606412
606418
606438
606439
606440
606453
606454
606463
606464
606470
606471
606480
606489
606494
606521
606526
606527
606528
606529
606530
606531
606540
606545
606551
606566
606568
606569
606570
606575
606579
606580
606585
606596
606597
606598
606603
606609
606612
606622
606628
606633
606635
606636
606639
606658
606664
606672
606673
606681
606686
606687
606693
606694
606702
606705
606706
606707
606709
606718
606725
606726
606744
606751
606759
606761
606762
606763
606765
606768
606772
606777
606785
606797
606800
606806
606808
606810
606811
606812
606822
606824
606829
606837
606843
606844
606847
606851
606854
606857
606860
606864
606869
606871
606873
606879
606882
606883
606885
606887
606890
606894
606897
606919
606933
606934
606938
606939
606941
606943
606952
606953
606966
606967
606976
606977
606980
606989
606994
606995
606996
606999
607008
607009
607014
607015
607016
607031
607035
607036
607038
607039
607040
607042
607043
607047
607053
607056
607059
607063
607070
607071
607082
607084
607088
607091
607093
607095
607096
607100
607101
607102
607108
607111
607117
607118
607120
607131
607134
607136
607139
607145
607155
607161
607163
607174
607182
607186
607194
607196
607197
607198
607200
607202
607206
607207
607210
607211
607212
607213
607214
607215
607223
607225
607236
607237
607239
607243
607244
607245
607250
607252
607254
607259
607261
607271
607273
607292
607293
607295
607306
607311
607313
607314
607317
607326
607329
607330
607331
607358
607361
607364
607365
607379
607380
607386
607393
607397
607398
607402
607408
607411
607417
607421
607423
607426
607429
607439
607440
607444
607456
607459
607461
607463
607465
607468
607473
607474
607475
607479
607481
607483
607511
607512
607523
607539
607540
607542
607543
607544
607545
607556
607566
607568
607574
607575
607584
607585
607590
607592
607594
607596
607598
607600
607601
607604
607606
607608
607613
607616
607617
607623
607624
607625
607626
607633
607636
607640
607643
607644
607646
607649
607655
607657
607664
607669
607672
607676
607678
607690
607694
607696
607697
607701
607706
607709
607731
607734
607751
607752
607759
607764
607765
607778
607788
607796
607800
607801
607803
607805
607806
607809
607812
607817
607821
607823
607830
607831
607837
607838
607839
607840
607843
607849
607854
607855
607861
607872
607878
607882
607892
607900
607901
607903
607905
607906
607908
607921
607928
607936
607939
607944
607951
607961
607968
607976
607982
607983
607998
608002
608005
608010
608013
608014
608022
608025
608027
608029
608030
608034
608041
608047
608051
608053
608059
608071
608072
608078
608083
608086
608091
608093
608097
608099
608100
608102
608105
608106
608107
608109
608111
608118
608124
608125
608132
608133
608151
608154
608156
608158
608160
608171
608172
608173
608175
608176
608177
608179
608180
608181
608183
608184
608187
608189
608194
608201
608204
608206
608210
608219
608220
608222
608227
608233
608241
608245
608248
608251
608264
608265
608272
608278
608283
608290
608300
608305
608307
608309
608310
608313
608328
608331
608340
608347
608348
608358
608371
608374
608375
608380
608381
608393
608400
608404
608406
608414
608416
608419
608427
608428
608429
608432
608441
608443
608451
608455
608456
608461
608465
608488
608489
608500
608501
608507
608508
608509
608512
608515
608520
608536
608537
608539
608540
608543
608546
608547
608549
608552
608553
608565
608567
608572
608576
608585
608594
608605
608611
608612
608614
608624
608625
608628
608629
608630
608634
608643
608644
608647
608649
608652
608653
608654
608656
608658
608662
608663
608665
608666
608667
608681
608684
608688
608699
608700
608706
608713
608716
608720
608728
608732
608735
608741
608742
608747
608750
608751
608753
608755
608757
608762
608763
608769
608770
608780
608782
608786
608792
608799
608800
608801
608803
608804
608807
608809
608815
608816
608830
608833
608836
608840
608845
608869
608879
608886
608890
608893
608894
608896
608897
608898
608902
608911
608918
608921
608930
608931
608940
608944
608945
608957
608958
608965
608968
608969
608971
608977
608980
608990
609006
609010
609014
609015
609016
609018
609019
609021
609033
609037
609041
609047
609049
609052
609055
609056
609057
609058
609059
609060
609063
609069
609102
609114
609122
609129
609139
609144
609168
609173
609180
609186
609187
609188
609195
609196
609197
609204
609218
609220
609223
609227
609237
609239
609241
609242
609245
609254
609260
609262
609270
609275
609279
609280
609283
609284
609286
609299
609300
609302
609304
609308
609309
609311
609312
609313
609314
609321
609322
609325
609332
609340
609342
609347
609353
609367
609376
609377
609378
609382
609383
609385
609390
609400
609412
609413
609423
609424
609427
609428
609432
609438
609439
609441
609449
609456
609457
609458
609460
609465
609466
609469
609471
609479
609489
609500
609502
609506
609515
609523
609528
609532
609533
609535
609536
609541
609545
609549
609552
609557
609558
609560
609562
609572
609575
609577
609583
609584
609588
609590
609595
609607
609610
609617
609628
609629
609630
609638
609646
609647
609653
609654
609655
609661
609678
609681
609695
609701
609706
609708
609712
609720
609728
609736
609739
609741
609751
609761
609790
609796
609798
609799
609802
609806
609813
609814
609821
609823
609825
609826
609831
609834
609840
609842
609845
609855
609856
609862
609863
609868
609875
609883
609884
609886
609888
609891
609913
609924
609927
609937
609941
609944
609946
609948
609952
609975
609981
609990
610001
610003
610004
610006
610015
610019
610024
610035
610036
610042
610045
610053
610055
610057
610060
610062
610083
610090
610092
610093
610098
610100
610104
610105
610113
610115
610127
610132
610142
610143
610148
610150
610153
610154
610156
610162
610172
610178
610181
610185
610188
610189
610190
610192
610194
610197
610198
610199
610204
610206
610212
610217
610219
610220
610222
610230
610246
610248
610251
610256
610261
610262
610265
610272
610273
610274
610275
610277
610279
610282
610283
610284
610285
610293
610299
610308
610313
610316
610319
610321
610326
610329
610330
610333
610339
610341
610345
610350
610355
610356
610357
610362
610370
610377
610381
610389
610396
610419
610422
610427
610436
610442
610444
610448
610453
610455
610456
610460
610466
610467
610474
610476
610478
610483
610498
610502
610505
610511
610512
610513
610516
610523
610531
610532
610534
610536
610538
610542
610549
610550
610555
610564
610565
610572
610573
610595
610598
610599
610600
610612
610613
610619
610622
610644
610651
610652
610657
610661
610662
610665
610670
610681
610682
610683
610687
610688
610690
610693
610706
610707
610717
610725
610738
610743
610745
610746
610755
610758
610768
610797
610798
610799
610804
610812
610815
610819
610826
610827
610830
610832
610842
610844
610852
610860
610865
610876
610908
610911
610915
610916
610921
610924
610925
610931
610933
610936
610937
610949
610951
610956
610957
610966
610968
610984
610992
611022
611023
611026
611037
611038
611040
611045
611061
611062
611065
611067
611088
611089
611090
611091
611092
611093
611094
611095
611096
611097
611101
611102
611103
611104
611105
611107
611124
611126
611131
611134
611140
611146
611153
611174
611177
611184
611203
611204
611220
611224
611225
611228
611230
611236
611247
611252
611254
611258
611263
611272
611279
611290
611291
611302
611307
611317
611369
611376
611383
611390
611391
611403
611409
611410
611421
611423
611432
611448
611451
611458
611466
611486
611489
611490
611492
611495
611497
611498
611499
611507
611521
611523
611524
611528
611531
611542
611544
611549
611555
611556
611561
611570
611588
611590
611592
611595
611604
611605
611615
611623
611637
611642
611654
611655
611663
611672
611687
611693
611694
611705
611707
611715
611716
611718
611719
611721
611722
611725
611726
611729
611731
611755
611761
611766
611770
611776
611801
611809
611812
611849
611880
611881
611884
611893
611908
611911
611926
611927
611935
611938
611943
611951
611953
611961
611966
612012
612013
612014
612015
612016
612020
612025
612026
612035
612067
612073
612074
612075
612076
612078
612079
612080
612095
612109
612120
612121
612123
612138
612165
612182
612186
612199
612201
612222
612227
612233
612243
612260
612268
612271
612277
612280
612281
612283
612284
612285
612290
612300
612301
612304
612309
612319
612322
612325
612336
612347
612349
612350
612358
612360
612373
612379
612386
612389
612392
612394
612395
612399
612406
612411
612414
612416
612418
612423
612424
612431
612433
612437
612444
612447
612453
612459
612460
612502
612515
612519
612526
612529
612540
612541
612551
612567
612572
612576
612577
612579
612625
612631
612632
612636
612638
612641
612642
612645
612651
612653
612655
612659
612661
612674
612676
612688
612690
612691
612692
612703
612712
612713
612714
612715
612716
612718
612719
612724
612731
612732
612736
612740
612753
612757
612758
612772
612773
612775
612777
612779
612780
612781
612782
612783
612785
612789
612798
612799
612800
612801
612802
612803
612804
612805
612813
612837
612840
612847
612848
612852
612866
612874
612878
612885
612898
612901
612907
612911
612916
612920
612922
612931
612932
612933
612936
612938
612940
612944
612946
612947
612948
612949
612951
612953
612958
612968
612971
612988
612989
612990
612994
612997
612998
613005
613009
613011
613012
613018
613022
613027
613029
613036
613037
613038
613068
613070
613072
613073
613075
613076
613077
613079
613080
613083
613086
613088
613090
613091
613093
613095
613102
613108
613109
613111
613112
613114
613115
613118
613124
613129
613135
613138
613148
613150
613151
613152
613153
613154
613155
613156
613157
613158
613159
613160
613161
613162
613163
613165
613168
613169
613176
613177
613179
613180
613183
613190
613192
613193
613194
613195
613204
613206
613208
613211
613213
613214
613216
613217
613218
613225
613227
613228
613230
613235
613257
613265
613267
613276
613277
613278
613279
613280
613283
613285
613291
613293
613301
613307
613310
613311
613312
613313
613319
613320
613326
613327
613328
613329
613330
613341
613349
613350
613353
613354
613360
613363
613381
613385
613386
613388
613390
613391
613392
613398
613401
613402
613403
613404
613405
613411
613418
613420
613425
613428
613435
613441
613446
613451
613453
613456
613464
613468
613469
613470
613489
613490
613493
613494
613495
613496
613497
613500
613501
613502
613507
613516
613517
613521
613524
613529
613532
613534
613541
613546
613550
613553
613554
613559
613561
613573
613576
613577
613580
613581
613582
613583
613596
613598
613599
613602
613605
613606
613609
613610
613611
613615
613617
613619
613621
613622
613623
613624
613625
613627
613629
613630
613641
613642
613647
613652
613653
613658
613660
613661
613662
613666
613667
613668
613669
613671
613672
613676
613678
613679
613680
613685
613686
613698
613710
613712
613715
613717
613718
613719
613722
613723
613726
613728
613730
613731
613733
613734
613741
613742
613744
613750
613752
613756
613758
613759
613763
613767
613769
613776
613779
613785
613789
613790
613794
613796
613798
613799
613800
613801
613803
613804
613805
613807
613808
613809
613810
613811
613812
613813
613814
613815
613818
613819
613823
613824
613826
613830
613839
613843
613845
613846
613847
613848
613849
613856
613858
613860
613861
613862
613865
613869
613871
613872
613878
613879
613885
613887
613890
613891
613893
613896
613898
613899
613912
613914
613915
613916
613920
613924
613925
613927
613930
613933
613938
613940
613943
613951
613953
613957
613958
613960
613976
613982
613984
613985
613987
613988
613989
614008
614010
614017
614018
614019
614020
614021
614023
614025
614035
614037
614039
614041
614044
614052
614058
614064
614066
614067
614068
614069
614076
614078
614080
614083
614091
614095
614096
614097
614099
614102
614105
614107
614114
614115
614120
614122
614123
614129
614131
614134
614138
614140
614141
614144
614145
614149
614156
614157
614160
614161
614162
614164
614168
614169
614170
614171
614173
614175
614180
614181
614184
614186
614188
614194
614196
614198
614199
614201
614202
614204
614205
614207
614208
614209
614212
614213
614215
614218
614219
614222
614224
614225
614229
614231
614232
614237
614238
614243
614249
614258
614261
614262
614278
614279
614284
614292
614293
614295
614296
614297
614298
614299
614300
614305
614307
614312
614322
614324
614325
614328
614329
614333
614336
614338
614339
614340
614341
614342
614343
614344
614345
614346
614347
614351
614352
614366
614370
614373
614376
614377
614378
614380
614381
614386
614397
614399
614402
614407
614409
614411
614414
614417
614418
614420
614423
614424
614426
614434
614436
614437
614438
614441
614457
614458
614459
614461
614462
614464
614465
614473
614477
614478
614480
614482
614487
614490
614491
614492
614495
614496
614498
614499
614500
614501
614504
614505
614506
614507
614514
614515
614518
614524
614530
614537
614556
614557
614558
614559
614561
614565
614566
614567
614571
614574
614575
614576
614582
614589
614590
614593
614602
614603
614610
614615
614617
614618
614620
614621
614631
614632
614640
614643
614647
614650
614651
614652
614653
614654
614655
614665
614667
614668
614669
614672
614673
614677
614678
614679
614684
614691
614698
614699
614700
614702
614706
614707
614723
614724
614725
614726
614727
614728
614730
614732
614736
614738
614739
614741
614744
614745
614748
614749
614750
614759
614770
614772
614779
614780
614783
614784
614789
614800
614813
614815
614817
614819
614828
614829
614830
614831
614832
614833
614836
614837
614839
614840
614841
614842
614844
614845
614848
614850
614851
614852
614856
614857
614859
614861
614862
614863
614864
614866
614867
614868
614869
614870
614871
614872
614874
614875
614876
614881
614882
614883
614884
614886
614887
614889
614890
614891
614892
614893
614894
614895
614896
614898
614899
614908
614915
614917
614920
614921
614922
614924
614925
614926
614927
614928
614929
614930
614931
614932
614934
614935
614940
614941
614944
614945
614946
614947
614949
614961
614962
614970
614972
614973
614974
614976
614984
614990
615000
615003
615004
615006
615008
615010
615022
615023
615024
615028
615030
615031
615033
615035
615038
615041
615042
615043
615058
615065
615066
615067
615068
615071
615072
615076
615080
615084
615085
615095
615112
615113
615119
615120
615122
615135
615139
615140
615145
615147
615155
615157
615158
615159
615160
615162
615179
615181
615182
615187
615190
615191
615198
615206
615207
615214
615217
615219
615220
615221
615222
615226
615228
615233
615236
615237
615238
615242
615244
615247
615249
615262
615264
615268
615272
615273
615276
615277
615281
615284
615285
615286
615287
615288
615291
615292
615294
615297
615300
615302
615312
615316
615317
615320
615325
615328
615330
615338
615340
615348
615349
615350
615351
615352
615356
615360
615362
615363
615368
615370
615374
615376
615382
615386
615387
615390
615395
615397
615398
615400
615401
615403
615407
615408
615414
615415
615416
615418
615419
615423
615425
615427
615429
615431
615434
615438
615440
615441
615444
615451
615453
615458
615462
615463
615464
615468
615471
615476
615481
615482
615486
615490
615491
615493
615494
615495
615500
615501
615503
615504
615505
615508
615510
615511
615512
615516
615521
615524
615527
615528
615530
615533
615535
615539
615540
615541
615546
615553
615558
615559
615560
615561
615564
615565
615567
615573
615574
615578
615585
615586
615592
615593
615595
615596
615597
615598
615599
615604
615607
615615
615617
615620
615625
615626
615630
615631
615633
615636
615637
615643
615651
615658
615663
615665
615667
615673
615681
615683
615684
615685
615686
615688
615703
615705
615706
615707
615709
615710
615715
615716
615720
615721
615723
615724
615725
615730
615731
615745
615748
615750
615751
615752
615757
615758
615760
615762
615767
615768
615770
615774
615777
615780
615787
615789
615802
615803
615807
615809
615816
615817
615820
615824
615831
615833
615837
615838
615841
615842
615847
615850
615851
615859
615860
615861
615862
615863
615867
615870
615872
615876
615877
615878
615886
615887
615888
615889
615892
615894
615895
615897
615905
615917
615918
615919
615924
615925
615926
615935
615942
615944
615947
615948
615950
615951
615956
615959
615960
615966
615969
615973
615974
615978
615979
615980
615981
615982
615983
615984
615985
615986
615987
615988
615989
615990
615991
615992
615993
615994
615995
615996
616000
616001
616003
616004
616006
616007
616012
616013
616022
616025
616029
616030
616033
616034
616037
616038
616039
616042
616044
616045
616046
616051
616052
616059
616062
616069
616080
616081
616084
616086
616093
616094
616095
616097
616098
616099
616105
616107
616108
616111
616112
616113
616116
616120
616126
616127
616138
616140
616144
616145
616146
616152
616154
616155
616165
616170
616171
616174
616176
616178
616185
616188
616192
616193
616198
616199
616200
616201
616202
616204
616211
616212
616215
616217
616219
616220
616221
616222
616227
616228
616229
616230
616233
616239
616248
616254
616258
616263
616265
616267
616269
616270
616271
616276
616277
616278
616281
616286
616287
616289
616291
616294
616295
616299
616300
616304
616305
616307
616312
616314
616322
616323
616324
616325
616326
616335
616339
616342
616345
616353
616354
616370
616389
616390
616394
616395
616402
616406
616411
616415
616418
616420
616425
616430
616433
616435
616441
616444
616445
616449
616451
616454
616457
616458
616459
616460
616469
616470
616471
616479
616481
616483
616486
616487
616488
616489
616490
616494
616500
616501
616502
616503
616505
616507
616509
616515
616516
616517
616531
616538
616539
616540
616541
616544
616546
616549
616553
616562
616566
616570
616577
616585
616586
616603
616617
616622
616629
616632
616636
616639
616640
616645
616646
616647
616650
616651
616654
616655
616657
616663
616668
616669
616672
616680
616681
616682
616683
616684
616690
616705
616716
616719
616720
616721
616723
616726
616730
616732
616733
616735
616739
616740
616749
616754
616756
616758
616760
616763
616777
616781
616784
616787
616794
616801
616809
616811
616812
616814
616815
616816
616817
616819
616823
616827
616828
616829
616830
616834
616839
616840
616843
616846
616851
616854
616859
616860
616866
616867
616868
616875
616878
616881
616887
616890
616892
616893
616896
616897
616899
616900
616901
616907
616910
616911
616917
616918
616920
616921
616922
616939
616943
616947
616948
616949
616950
616954
616958
616959
616963
616974
616975
616981
