100690
102565
102610
102700
102770
103200
103220
104000
104170
104260
104311
105210
105400
105550
106150
106165
106180
107741
108650
109150
112261
114100
114220
114240
114250
115310
117000
117210
118420
120090
120130
120220
120240
120250
120328
120330
120520
123590
123889
124050
125310
125370
125660
125853
126200
126375
126700
127550
128100
129190
131100
131340
131370
131800
133020
134370
134600
134790
135150
136550
137440
137750
137760
137780
138033
138079
138130
138160
138430
138491
138945
138960
138981
139250
139312
139320
142410
142857
143100
143450
146500
147265
147267
147450
147545
147557
147570
147620
148040
148066
148300
149400
150330
150340
151670
152430
153700
156100
156310
156560
156570
157140
157640
157655
158340
158378
158810
159000
159001
159400
159440
159460
159950
160500
160565
160760
160900
161015
161800
161900
162230
162350
162360
162361
162400
163890
164015
164300
164310
164350
164400
164500
164731
164770
167409
167413
167415
167790
167800
168000
168605
169150
169500
170280
170290
170710
171060
173110
173335
173350
173900
173910
174000
174763
176090
176264
176300
176640
176670
176885
177700
178000
179605
179820
180721
180901
181350
181400
181430
182600
182601
182950
182960
182980
183086
183090
184850
185070
185470
187270
188055
188250
188840
189907
189909
190040
190350
191160
191339
191845
192240
192315
193100
193220
194363
201475
201910
203450
204300
205400
206550
207800
208000
208900
208920
211800
212050
212840
212850
213600
214950
215700
217090
219080
221200
221820
222100
222300
223100
226670
231000
231300
231670
232300
232400
232800
234500
235200
237310
241080
245200
248200
250100
250940
250950
251000
251880
252010
252600
253300
253400
253590
253600
254130
255100
255110
256100
256540
256550
256730
256731
257220
257300
258300
258450
260400
260540
261000
261600
262400
263570
263700
267430
267750
268025
268800
271150
271930
272750
272800
275000
276000
277400
277460
277900
300005
300011
300078
300100
300126
300138
300144
300163
300170
300199
300238
300260
300264
300292
300371
300384
300393
300461
300473
300489
300550
300559
300623
300644
300661
300718
300809
300857
300913
300943
301500
301840
303630
305000
307800
309550
310300
310440
311200
311250
311850
311870
313200
313650
313700
314250
500001
500002
500008
502000
516000
516006
516060
520000
535000
561000
590025
590040
590050
590095
600001
600046
600116
600142
600169
600201
600225
600244
600275
600276
600281
600334
600354
600380
600415
600483
600495
600509
600529
600532
600543
600570
600574
600649
600650
600678
600701
600716
600722
600733
600795
600797
600803
600804
600858
600890
600917
600937
600963
600995
601011
601012
601015
601068
601143
601253
601282
601295
601313
601369
601405
601419
601440
601445
601462
601465
601487
601501
601517
601530
601546
601556
601564
601627
601650
601652
601656
601682
601691
601724
601728
601762
601771
601780
601806
601810
601846
602072
602122
602124
602194
602228
602279
602322
602345
602390
602413
602421
602429
602432
602433
602498
602544
602629
602667
602690
602694
602743
602783
602821
602860
602861
602974
602985
603009
603111
603196
603208
603212
603383
603390
603415
603424
603470
603471
603472
603511
603518
603539
603553
603563
603604
603680
603689
603694
603824
603839
603846
603848
603851
603859
603860
603883
603896
603945
604103
604121
604123
604139
604187
604212
604277
604297
604305
604360
604385
604386
604416
604427
604454
604484
604489
604558
604624
604641
604712
604766
604834
604933
604983
605020
605046
605078
605080
605204
605219
605235
605237
605290
605373
605377
605380
605507
605565
605589
605704
605712
605713
605725
605814
605815
605820
605921
606061
606070
606075
606159
606183
606201
606269
606273
606347
606350
606352
606353
606439
606445
606454
606463
606478
606552
606598
606609
606640
606649
606657
606658
606686
606687
606689
606693
606725
606800
606842
606869
606873
606882
606890
606934
606938
607035
607047
607060
607100
607137
607174
607207
607212
607259
607273
607341
607379
607444
607459
607462
607485
607569
607574
607585
607594
607623
607640
607801
607822
607839
607840
607854
607876
608005
608036
608102
608133
608136
608161
608170
608220
608236
608272
608289
608300
608313
608374
608391
608392
608423
608441
608456
608465
608507
608648
608687
608720
608801
608807
608810
608833
608836
608846
608879
608893
608958
608984
609007
609015
609040
609041
609058
609059
609115
609135
609161
609200
609241
609242
609260
609283
609286
609309
609342
609390
609456
609502
609512
609520
609524
609526
609575
609653
609669
609681
609701
609745
609825
609831
609887
609948
610008
610032
610099
610110
610131
610140
610197
610205
610243
610244
610245
610277
610355
610513
610568
610582
610595
610657
610681
610717
610743
610832
610844
610860
610910
610933
610949
610956
611105
611119
611145
611146
611172
611203
611204
611228
611259
611276
611332
611420
611597
611637
611694
611776
611805
612048
612051
612067
612069
612268
612309
612349
612360
612515
612567
612577
612638
612659
612702
612876
612911
612953
612954
613004
613013
613019
613095
613109
613111
613270
613280
613291
613333
613360
613371
613376
613425
613428
613468
613494
613530
613577
613608
613609
613621
613622
613640
613647
613653
613660
613708
613726
613728
613733
613814
613815
613877
613900
613908
614065
614116
614153
614154
614186
614203
614229
614245
614251
614260
614265
614297
614298
614302
614307
614350
614370
614519
614575
614588
614649
614675
614696
614706
614742
614743
614860
614881
614884
614895
614937
614972
615008
615034
615048
615054
615073
615076
615127
615156
615157
615325
615362
615511
615515
615530
615533
615551
615552
615651
615670
615710
615768
615848
615860
615883
615903
615911
615945
615957
616002
616013
616033
616039
616044
616053
616231
616280
616282
616329
616361
616371
616373
616410
616413
616437
616439
616479
616491
616502
616541
616568
616604
616680
616833
616840
616842
616871
616907
616948
617004
617017
617018
617055
617069
617070
