100050
100070
100200
100300
100600
100650
100675
100690
100700
100710
100720
100725
100730
100740
100790
100800
100820
101000
101120
101200
101400
101600
101800
101805
101840
101850
101900
102000
102100
102150
102200
102300
102350
102370
102400
102500
102510
102520
102540
102545
102560
102565
102573
102575
102576
102578
102582
102610
102620
102630
102650
102660
102680
102730
102800
102900
103100
103200
103220
103230
103280
103285
103400
103420
103470
103500
103580
103600
103730
103900
103920
103950
104100
104110
104130
104150
104155
104160
104200
104240
104260
104290
104300
104310
104311
104350
104400
104500
104510
104530
104570
104600
104614
104760
105120
105150
105200
105210
105250
105300
105400
105500
105550
105563
105565
105570
105580
105600
105650
105800
105805
105830
105835
105850
106050
106070
106100
106150
106165
106180
106190
106210
106220
106230
106240
106250
106260
106280
106300
106400
106410
106500
106600
106700
106750
106900
106990
106995
107000
107100
107200
107250
107273
107280
107300
107320
107400
107470
107480
107500
107550
107580
107600
107640
107650
107670
107680
107700
107720
107730
107741
107748
107773
107776
107777
107900
107910
107940
107941
107970
108000
108010
108050
108100
108120
108145
108200
108300
108355
108390
108420
108450
108500
108600
108650
108700
108720
108721
108725
108730
108733
108740
108745
108760
108770
108780
108800
108900
108950
108961
108985
109000
109050
109091
109100
109120
109130
109150
109160
109200
109270
109300
109350
109400
109500
109543
109600
109630
109635
109636
109675
109690
109691
109700
109720
109730
109740
109750
109760
109770
109780
109800
109820
109900
110000
110050
110100
110150
110250
110300
110700
110750
110800
111150
111300
111400
111700
111730
112200
112240
112250
112260
112261
112262
112264
112270
112300
112310
112350
112370
112410
112430
112440
112450
112500
112600
112700
112800
112910
113000
113100
113200
113300
113301
113310
113400
113450
113475
113477
113480
113500
113505
113508
113600
113610
113620
113650
113670
113700
113705
113730
113800
113811
113900
113950
114000
114010
114019
114020
114030
114065
114080
114100
114105
114131
114140
114150
114180
114182
114200
114205
114206
114208
114217
114240
114250
114290
114300
114350
114450
114480
114500
114580
114600
114620
114650
114700
114760
114800
114835
114840
114900
115000
115080
115150
115195
115196
115197
115200
115210
115250
115300
115310
115400
115430
115435
115437
115440
115442
115470
115501
115645
115650
115660
115665
115700
115800
115900
116100
116200
116300
116400
116600
116700
116790
116800
116805
116806
116850
116860
116870
116897
116899
116930
116940
116945
116952
116953
116955
116960
117000
117100
117210
117300
117360
117550
117600
117650
117800
117850
117900
118000
118005
118100
118190
118200
118210
118220
118230
118300
118301
118330
118350
118400
118420
118423
118425
118430
118450
118455
118470
118485
118502
118503
118504
118507
118600
118610
118650
118651
118661
118700
118750
118800
118830
118860
118900
118980
119000
119100
119300
119500
119530
119540
119550
119570
119580
119600
119650
119800
119900
119915
120000
120040
120070
120090
120100
120110
120120
120130
120131
120140
120150
120160
120180
120190
120200
120210
120215
120220
120240
120250
120252
120260
120270
120280
120290
120300
120320
120324
120330
120353
120360
120361
120400
120430
120433
120435
120436
120440
120450
120470
120500
120502
120520
120700
120790
120900
120920
120970
121011
121013
121014
121015
121050
121070
121200
121201
121210
121270
121300
121350
121360
121390
121400
121450
121800
121820
121850
121900
122000
122100
122200
122400
122430
122440
122450
122455
122460
122470
122500
122550
122560
122580
122600
122700
122720
122750
122780
122850
122860
122880
122900
123000
123050
123100
123101
123150
123155
123270
123320
123400
123500
123540
123550
123557
123560
123570
123580
123590
123610
123620
123630
123631
123660
123670
123680
123690
123700
123730
123740
123790
123805
123810
123812
123825
123829
123831
123833
123838
123880
123885
123886
123890
123900
123940
123970
124030
124050
124060
124092
124200
124300
124400
124480
124490
124500
124700
124900
124950
125000
125050
125230
125240
125250
125255
125260
125264
125270
125280
125300
125310
125320
125350
125370
125400
125420
125440
125480
125485
125490
125500
125505
125520
125530
125540
125550
125570
125590
125595
125600
125630
125635
125640
125645
125647
125660
125670
125671
125700
125800
125850
125851
125852
125853
125900
126050
126064
126065
126070
126100
126141
126180
126190
126200
126250
126300
126320
126335
126337
126340
126375
126450
126451
126452
126453
126500
126550
126600
126700
126800
126840
126850
126900
126950
127000
127100
127200
127300
127350
127400
127500
127550
127600
127700
127750
127820
128000
128100
128101
128200
128230
128235
128260
128290
128300
128400
128500
128600
128700
128710
128800
128900
128950
128980
129000
129010
129100
129150
129200
129400
129490
129500
129510
129550
129600
129750
129810
129830
129840
129850
129900
130000
130020
130050
130060
130070
130080
130090
130100
130130
130160
130180
130190
130200
130300
130400
130500
130600
130610
130650
130660
130710
130720
130900
130950
131100
131195
131210
131222
131230
131240
131242
131243
131244
131290
131300
131320
131340
131390
131400
131440
131450
131460
131500
131550
131600
131705
131750
131760
131800
131850
131880
131900
131950
131960
132000
132090
132100
132300
132400
132450
132500
132700
132800
132810
132811
132890
132900
132990
133000
133020
133100
133170
133171
133180
133190
133200
133239
133240
133430
133500
133550
133600
133690
133700
133701
133705
133750
133780
133800
133900
134000
134200
134300
134370
134371
134400
134430
134500
134510
134520
134540
134570
134600
134610
134637
134638
134700
134720
134750
134770
134780
134790
134797
134820
134830
134850
134900
134934
135100
135150
135290
135300
135400
135500
135550
135580
135600
135700
135750
135800
135820
135900
135940
135950
136000
136100
136140
136150
136200
136300
136350
136351
136352
136400
136435
136480
136500
136520
136533
136550
136600
136620
136630
136660
136680
136760
136800
136850
136880
136900
137000
137035
137040
137050
137070
137100
137130
137160
137163
137164
137165
137170
137190
137192
137200
137210
137215
137270
137290
137295
137350
137360
137370
137400
137440
137500
137550
137560
137575
137580
137600
137700
137750
137760
137780
137800
137900
137920
137940
137950
138000
138033
138040
138070
138079
138130
138140
138160
138190
138247
138249
138250
138251
138252
138253
138254
138275
138300
138330
138340
138430
138470
138491
138500
138720
138760
138770
138790
138800
138850
138890
138900
138920
138930
138945
138970
138971
138990
139000
139090
139100
139130
139150
139190
139210
139250
139260
139300
139311
139312
139313
139320
139330
139350
139360
139370
139380
139393
139395
139400
139450
139500
139600
139605
139650
139750
139900
140000
140300
140350
140400
140450
140500
140571
140580
140581
140600
140700
140850
140900
141000
141200
141250
141300
141350
141400
141405
141500
141700
141749
141750
141800
141850
141900
142200
142250
142309
142330
142335
142340
142350
142360
142395
142400
142410
142445
142461
142470
142500
142560
142622
142623
142625
142630
142640
142669
142680
142690
142700
142704
142730
142810
142830
142840
142857
142871
142900
142945
142946
142958
142959
142961
142983
142984
142989
142994
142995
143000
143050
143054
143095
143100
143200
143400
143465
143470
143500
143850
143870
143880
143890
144010
144020
144050
144100
144110
144120
144150
144190
144200
144250
144300
144600
144650
144750
144755
144800
145000
145001
145100
145200
145250
145260
145270
145290
145295
145300
145350
145400
145410
145420
145500
145590
145600
145650
145680
145700
145701
145750
145800
145900
145980
145981
146000
146110
146160
146200
146255
146300
146350
146390
146450
146500
146510
146520
146550
146590
146600
146690
146700
146710
146720
146738
146750
146790
146800
146810
146830
146840
146850
146880
146920
146928
146929
146950
147050
147060
147070
147080
147138
147141
147183
147250
147251
147265
147267
147280
147300
147320
147330
147350
147370
147400
147421
147430
147435
147440
147450
147480
147530
147540
147545
147557
147570
147610
147620
147630
147650
147670
147678
147679
147680
147683
147700
147710
147720
147730
147740
147750
147770
147781
147796
147800
147820
147840
147891
147892
147900
147920
147950
148000
148040
148041
148042
148043
148050
148060
148065
148066
148067
148069
148070
148080
148100
148180
148190
148200
148210
148300
148350
148360
148370
148390
148500
148520
148600
148700
148730
148760
148800
148820
148840
149000
149100
149200
149300
149400
149500
149600
149700
149730
150170
150230
150250
150260
150270
150280
150290
150300
150310
150330
150340
150341
150360
150370
150400
150500
150550
150590
150600
150700
150800
150900
151000
151001
151050
151100
151200
151210
151380
151385
151400
151410
151460
151500
151590
151600
151610
151620
151623
151626
151630
151640
151660
151670
151700
151800
151900
152200
152390
152420
152422
152424
152427
152445
152550
152600
152700
152760
152780
152790
152800
152900
152950
153100
153200
153245
153280
153290
153300
153390
153400
153450
153454
153456
153470
153480
153600
153622
153630
153640
153650
153670
153700
153800
153840
153870
153880
153890
154020
154045
154050
154275
154276
154280
154300
154400
154500
154540
154545
154570
154600
154700
154750
154780
154800
154850
154950
155000
155050
155100
155140
155145
155150
155200
155240
155255
155310
155350
155540
155541
155550
155555
155600
155601
155700
155720
155755
155760
155900
155950
155980
156000
156100
156190
156200
156220
156230
156232
156240
156250
156310
156400
156490
156500
156510
156520
156530
156535
156540
156550
156560
156570
156580
156600
156610
156620
156700
156830
156845
156850
156900
157140
157147
157150
157151
157170
157200
157300
157400
157600
157640
157655
157660
157700
157800
157900
157950
157980
158000
158100
158105
158170
158250
158300
158310
158320
158330
158340
158345
158350
158373
158375
158378
158400
158500
158580
158590
158600
158650
158800
158810
158900
158901
159000
159001
159050
159100
159300
159350
159410
159420
159440
159460
159465
159500
159530
159550
159555
159557
159600
159700
159800
159900
159950
159970
159991
160010
160120
160150
160300
160500
160565
160570
160700
160720
160740
160741
160745
160750
160760
160775
160777
160790
160794
160800
160900
160980
160990
160998
161000
161015
161050
161070
161080
161100
161200
161400
161470
161480
161500
161530
161561
161600
161700
161800
161900
161950
162000
162080
162091
162095
162100
162200
162210
162230
162240
162260
162270
162280
162300
162350
162370
162380
162400
162500
162600
162643
162700
162800
162820
162830
163000
163050
163100
163200
163400
163500
163600
163700
163729
163730
163800
163850
163890
163950
164000
164005
164008
164011
164012
164015
164017
164040
164100
164150
164160
164170
164176
164180
164185
164190
164200
164210
164220
164230
164280
164300
164310
164330
164350
164400
164500
164680
164700
164720
164730
164731
164745
164750
164757
164760
164761
164770
164780
164785
164790
164800
164820
164831
164840
164860
164870
164900
164920
164950
164975
165000
165070
165098
165150
165160
165199
165200
165215
165230
165240
165300
165330
165360
165380
165390
165500
165510
165550
165590
165600
165640
165660
165670
165680
165700
165800
166000
166200
166210
166220
166230
166250
166260
166300
166350
166400
166450
166490
166600
166700
166705
166710
166740
166750
166780
166800
166900
166910
166950
166970
166990
167000
167030
167050
167100
167200
167210
167220
167250
167320
167400
167409
167413
167414
167415
167416
167420
167500
167600
167700
167730
167750
167755
167770
167771
167790
167800
167850
167870
167900
167950
168000
168100
168200
168300
168400
168450
168461
168468
168470
168500
168550
168600
168601
168605
168800
168820
168830
168860
168885
168900
169000
169100
169150
169200
169300
169400
169500
169545
169550
169600
169610
169615
170280
170290
170390
170400
170500
170600
170650
170700
170710
170900
170980
170990
171000
171060
171100
171200
171300
171400
171420
171450
171480
171640
171720
171760
171833
171834
172150
172200
172405
172410
172411
172430
172460
172471
172500
172700
172800
172850
172860
172870
172880
172900
173000
173100
173110
173200
173325
173335
173350
173360
173370
173400
173410
173420
173450
173470
173490
173515
173580
173590
173600
173610
173650
173700
173800
173900
173910
174000
174050
174200
174310
174400
174500
174600
174700
174760
174761
174762
174763
174770
174800
174810
174900
175020
175050
175100
175200
175400
175450
175505
175510
175690
175700
175750
175780
175800
175850
175860
175900
176000
176090
176100
176200
176240
176250
176258
176260
176261
176262
176264
176267
176268
176270
176290
176300
176305
176385
176400
176410
176430
176450
176500
176600
176610
176620
176630
176640
176670
176700
176705
176730
176761
176780
176790
176797
176800
176801
176804
176807
176830
176847
176860
176876
176880
176883
176885
176894
176895
176900
176912
176920
176930
176943
176946
176960
176975
176980
176982
177000
177050
177060
177075
177100
177170
177200
177300
177350
177600
177650
177700
177735
177800
177820
177850
177900
177980
177990
178000
178110
178200
178300
178330
178350
178370
178400
178500
178550
178600
178610
178620
178630
178642
178650
178651
178800
178900
178995
179000
179010
179050
179200
179250
179270
179280
179300
179410
179450
179500
179511
179512
179540
179600
179605
179613
179615
179617
179620
179650
179700
179755
179800
179820
179830
179840
179850
179900
180000
180020
180050
180072
180073
180080
180090
180100
180104
180105
180200
180210
180220
180240
180245
180246
180247
180250
180270
180297
180350
180360
180380
180435
180500
180550
180600
180660
180700
180721
180730
180750
180800
180849
180860
180870
180900
180901
180902
180903
180920
180950
180989
181010
181180
181250
181270
181300
181350
181400
181405
181430
181440
181450
181460
181500
181510
181590
181600
181700
181750
181800
182000
182100
182115
182120
182125
182135
182138
182150
182160
182170
182190
182200
182205
182210
182212
182230
182250
182255
182260
182279
182280
182282
182283
182290
182305
182307
182309
182330
182340
182350
182381
182389
182390
182410
182455
182530
182600
182601
182610
182690
182790
182800
182810
182815
182820
182830
182860
182870
182875
182900
182920
182940
182950
182960
182970
182980
182990
183020
183050
183086
183090
183100
183300
183350
183400
183500
183600
183700
183800
183802
183840
183849
183850
183900
184000
184095
184100
184200
184250
184252
184253
184255
184260
184300
184400
184429
184450
184460
184500
184510
184700
184705
184745
184757
184800
184840
184900
185000
185020
185050
185069
185070
185100
185200
185460
185470
185480
185500
185535
185600
185650
185700
185750
185800
185880
185881
185900
186000
186100
186200
186300
186350
186357
186400
186500
186550
186570
186575
186580
186600
186700
186750
186850
186855
186910
186930
187000
187011
187040
187050
187100
187260
187270
187300
187350
187360
187370
187380
187390
187400
187500
187501
187510
187550
187600
187601
187650
187750
187760
187770
187800
187900
187950
188000
188020
188030
188040
188050
188055
188070
188100
188150
188201
188380
188400
188450
188455
188470
188550
188560
188570
188700
188740
188800
188826
188830
188840
189000
189100
189150
189200
189230
189300
189490
189500
189600
189700
189800
189889
189907
189908
189909
189961
189965
189967
189971
189972
189980
190020
190030
190040
190070
190080
190090
190100
190120
190160
190180
190181
190182
190195
190197
190198
190200
190220
190230
190300
190310
190320
190340
190345
190350
190351
190360
190400
190410
190430
190440
190500
190600
190650
190680
190800
190900
190990
191000
191010
191030
191040
191041
191043
191044
191045
191092
191100
191110
191130
191135
191150
191160
191163
191170
191190
191200
191250
191290
191305
191306
191315
191339
191342
191400
191420
191440
191480
191482
191500
191520
191523
191530
191550
191600
191650
191700
191740
191800
191840
191845
191850
191900
191950
192000
192050
192090
192100
192200
192240
192310
192315
192340
192400
192430
192445
192500
192600
192605
192700
192800
192900
192950
192974
193000
193003
193005
193007
193060
193065
193100
193200
193220
193230
193235
193240
193250
193300
193400
193450
193500
193510
193520
193530
193670
193700
193900
194000
194050
194070
194071
194072
194080
194090
194190
194200
194300
194320
194350
194360
194380
194400
194470
200110
200150
200610
200700
200990
201300
202300
202650
202700
203100
203450
203780
204000
204300
204870
206700
206900
207410
208081
208300
208500
208550
208900
209010
209050
209700
209850
209880
209885
209950
210000
210250
210350
210400
210720
211400
211530
211750
211900
212050
212112
212140
212360
212540
212750
212790
212850
213600
213980
214350
214370
214400
214800
214900
215100
215140
215150
215400
215450
215500
215800
216100
216330
216800
217030
217085
217300
217700
217990
218040
218300
218340
218400
218600
218700
219050
219080
219090
219100
219150
219200
219700
220100
220290
220400
220500
221700
221760
221800
221820
221900
222100
222300
222500
222690
223100
224120
224230
224500
224690
224700
224750
224900
225000
225100
225200
225250
225300
225400
225410
225500
225750
225753
226000
226400
226600
226750
226900
227220
227260
227280
227330
227600
227810
228250
228300
228550
228900
228980
229120
229300
229600
230350
230400
230800
231050
231095
231200
231300
232000
232050
232600
233100
233420
233500
233700
233800
233910
234000
234100
234280
235000
235200
235400
235730
235800
236100
236410
236730
237800
239200
239850
240300
240500
240800
240900
241310
241500
241510
241520
241530
241550
242150
242300
243000
243180
243300
243310
243700
244200
244400
244460
244600
245180
245190
245340
245550
245570
245600
245650
246300
246560
246570
247100
247200
247420
247640
248200
248400
248700
249100
249420
249620
250800
250850
251170
251270
251600
251800
251880
251900
252010
253200
253300
253400
253600
253601
254090
254120
254130
254300
254500
254770
254780
255110
255125
255160
255200
255310
255320
255700
255800
255960
255980
256100
256120
256200
256370
256450
256700
256850
257300
257550
257850
257980
258300
258315
258450
258500
258501
258650
259050
259100
259420
259600
259610
259700
259710
259730
260130
260350
260500
260540
260800
261640
261740
261800
261900
262400
262500
262650
262700
263000
263200
263300
263450
263700
263750
264060
264350
264420
264480
264600
264700
264800
264900
265000
265050
265150
265380
265450
266200
266300
266600
267430
267800
268000
268060
268100
268130
268200
268310
269150
269200
269400
269600
269630
269720
269880
269921
270100
270150
270400
270450
270685
270700
270800
270960
271150
271322
271400
271530
271600
271700
271930
271960
272120
272150
272440
272460
272600
272700
273300
273800
274000
274180
274300
274700
274800
275000
275200
275210
275220
275240
275250
276000
276300
276400
276410
276900
276903
277000
277180
277300
277320
277480
277580
277590
277600
277610
277720
278150
278200
278850
300000
300005
300008
300011
300013
300017
300018
300029
300030
300032
300035
300037
300040
300048
300049
300056
300066
300067
300068
300071
300072
300075
300076
300078
300079
300083
300084
300088
300095
300100
300104
300110
300114
300121
300125
300126
300128
300129
300130
300131
300144
300157
300160
300163
300166
300170
300172
300179
300180
300188
300203
300205
300221
300226
300231
300233
300243
300244
300245
300247
300248
300254
300256
300257
300264
300265
300269
300272
300273
300275
300278
300291
300292
300294
300307
300311
300334
300337
300353
300358
300371
300373
300374
300377
300382
300384
300386
300387
300388
300390
300391
300392
300401
300403
300415
300417
300424
300431
300438
300451
300457
300460
300461
300473
300480
300485
300488
300491
300502
300522
300523
300526
300535
300538
300546
300550
300552
300576
300577
300580
300589
300590
300623
300624
300628
300636
300642
300644
300647
300650
300651
300652
300658
300661
300672
300695
300700
300707
300708
300712
300717
300746
300747
300749
300752
300757
300767
300774
300776
300778
300779
300791
300798
300801
300802
300818
300827
300833
300836
300839
300841
300844
300848
300849
300855
300857
300863
300867
300870
300882
300884
300885
300887
300894
300896
300905
300906
300910
300918
300932
300942
300945
300946
300951
300952
300953
300958
300960
300967
300968
301040
301050
301200
301300
301845
301870
301940
302200
302350
302800
302910
302950
302960
303100
303350
303600
303630
303650
304040
304050
304110
304120
304150
304800
304900
305000
305100
305350
305371
305390
305400
305435
305600
305620
305700
305900
305915
306000
306500
306700
306955
306960
306980
307150
307300
307800
308050
308100
308230
308300
308380
308700
308800
308840
308905
308940
308990
309000
309050
309060
309120
309200
309350
309520
309530
309550
309630
309801
309845
309950
310200
310300
310400
310500
310700
310800
311070
311200
311250
311300
311350
311360
311510
311770
311850
312080
312100
312150
312170
312600
312610
312612
312700
312750
312865
312870
312920
313200
313350
313440
313475
313500
313650
313700
313850
313900
314200
314250
314320
314360
314375
314560
314570
314600
314700
400004
400010
400020
400022
400045
480000
500002
500004
502500
516000
530000
535000
545000
556500
557000
580000
590050
590080
590085
590095
600000
600001
600005
600014
600020
600024
600028
600037
600039
600040
600044
600046
600047
600057
600059
600060
600061
600062
600072
600075
600079
600080
600082
600084
600087
600101
600103
600104
600108
600110
600111
600112
600116
600117
600124
600129
600130
600131
600132
600133
600138
600140
600142
600144
600145
600150
600151
600155
600156
600159
600160
600163
600165
600166
600167
600175
600179
600185
600193
600194
600195
600201
600202
600204
600208
600209
600211
600220
600221
600223
600224
600225
600227
600228
600231
600235
600238
600244
600252
600257
600259
600266
600267
600268
600269
600273
600274
600275
600276
600277
600281
600287
600289
600293
600300
600309
600310
600317
600322
600331
600332
600333
600334
600342
600343
600348
600351
600354
600356
600359
600360
600361
600363
600364
600373
600375
600376
600380
600383
600384
600386
600390
600393
600397
600399
600416
600418
600419
600423
600424
600429
600430
600435
600442
600450
600451
600453
600456
600457
600458
600464
600467
600470
600473
600475
600480
600483
600489
600490
600495
600496
600497
600504
600509
600510
600511
600512
600513
600514
600515
600524
600525
600532
600533
600543
600548
600555
600558
600561
600564
600570
600571
600574
600576
600581
600584
600589
600593
600598
600599
600618
600621
600623
600624
600628
600631
600632
600635
600636
600638
600639
600643
600650
600652
600660
600662
600664
600666
600668
600669
600674
600675
600678
600679
600681
600682
600692
600693
600700
600701
600702
600706
600712
600713
600716
600725
600726
600733
600734
600736
600740
600755
600757
600759
600760
600761
600770
600775
600778
600785
600790
600791
600794
600795
600797
600799
600800
600803
600804
600807
600808
600810
600824
600835
600836
600837
600841
600844
600845
600850
600852
600855
600856
600857
600858
600862
600863
600864
600871
600877
600881
600882
600884
600886
600890
600897
600898
600903
600917
600919
600920
600921
600922
600923
600925
600929
600936
600937
600946
600951
600956
600958
600962
600963
600965
600969
600970
600972
600974
600977
600980
600982
600983
600985
600987
600989
600991
600993
600994
600995
600996
600998
601001
601003
601004
601005
601007
601011
601012
601017
601023
601040
601042
601047
601055
601056
601057
601065
601067
601068
601074
601077
601083
601086
601088
601089
601090
601093
601094
601096
601097
601098
601103
601104
601105
601130
601136
601143
601144
601146
601147
601152
601154
601156
601158
601162
601175
601181
601190
601192
601195
601198
601199
601200
601202
601205
601212
601214
601215
601223
601228
601230
601231
601239
601247
601248
601253
601255
601259
601263
601265
601282
601284
601299
601300
601309
601313
601314
601316
601317
601321
601327
601329
601330
601331
601332
601335
601338
601344
601345
601348
601349
601358
601363
601365
601366
601367
601368
601369
601373
601375
601379
601386
601387
601395
601397
601399
601402
601405
601407
601408
601411
601412
601414
601419
601430
601439
601445
601450
601452
601453
601455
601456
601462
601465
601470
601471
601472
601477
601478
601481
601485
601487
601493
601494
601499
601500
601501
601511
601512
601515
601517
601518
601525
601528
601530
601532
601542
601543
601544
601547
601548
601549
601550
601551
601556
601564
601565
601573
601583
601590
601593
601595
601596
601601
601604
601606
601607
601616
601617
601618
601620
601621
601622
601623
601626
601627
601631
601634
601638
601639
601644
601645
601646
601650
601652
601653
601656
601663
601664
601665
601675
601679
601680
601682
601687
601688
601690
601691
601692
601696
601699
601700
601701
601702
601708
601709
601719
601724
601728
601739
601740
601743
601749
601752
601756
601757
601761
601762
601763
601764
601767
601768
601769
601771
601777
601778
601794
601800
601802
601806
601807
601808
601810
601812
601813
601814
601820
601828
601829
601837
601844
601846
601851
601852
601854
601859
601868
601884
601885
601893
601894
601895
601896
601898
601900
601902
601906
601911
601920
601924
601928
601933
601937
601949
601953
601955
601957
601974
601977
601979
601990
602023
602025
602027
602033
602044
602048
602049
602053
602054
602066
602069
602071
602080
602081
602082
602085
602086
602087
602089
602092
602093
602096
602104
602107
602109
602111
602113
602115
602117
602119
602121
602122
602124
602130
602134
602142
602146
602149
602150
602153
602170
602192
602194
602195
602196
602201
602207
602208
602212
602216
602218
602225
602228
602229
602232
602235
602242
602243
602247
602248
602249
602260
602272
602275
602278
602279
602280
602281
602286
602294
602298
602302
602311
602313
602322
602325
602329
602336
602337
602341
602342
602345
602349
602354
602355
602358
602361
602365
602376
602377
602378
602394
602397
602400
602402
602404
602409
602412
602413
602418
602421
602423
602427
602429
602431
602432
602433
602438
602440
602441
602445
602448
602458
602459
602460
602463
602466
602471
602477
602481
602482
602483
602485
602491
602498
602499
602502
602505
602523
602529
602535
602537
602538
602540
602544
602550
602551
602554
602555
602556
602559
602568
602569
602574
602575
602588
602591
602593
602606
602614
602615
602617
602622
602629
602630
602631
602632
602635
602642
602647
602650
602661
602662
602667
602668
602669
602681
602686
602690
602691
602694
602695
602700
602717
602722
602723
602727
602738
602739
602740
602742
602743
602748
602754
602759
602765
602768
602769
602771
602775
602780
602783
602821
602839
602842
602849
602851
602858
602860
602861
602870
602879
602880
602897
602903
602908
602911
602925
602926
602931
602937
602959
602966
602978
602985
602991
602998
603009
603013
603021
603023
603024
603025
603028
603029
603031
603041
603043
603047
603054
603055
603057
603072
603073
603075
603089
603094
603109
603110
603111
603112
603116
603128
603136
603137
603139
603149
603157
603165
603168
603175
603176
603183
603184
603186
603196
603204
603206
603208
603212
603213
603218
603220
603221
603233
603234
603236
603248
603254
603258
603273
603276
603278
603283
603284
603288
603293
603295
603304
603305
603313
603324
603342
603349
603352
603356
603357
603366
603371
603372
603377
603381
603383
603384
603385
603387
603388
603390
603396
603401
603406
603415
603422
603423
603425
603426
603427
603434
603438
603439
603449
603455
603472
603474
603482
603490
603491
603499
603506
603507
603511
603516
603517
603518
603529
603537
603539
603540
603543
603546
603550
603563
603570
603572
603576
603584
603587
603588
603594
603595
603597
603606
603615
603617
603620
603622
603623
603629
603633
603634
603636
603641
603642
603644
603649
603652
603658
603666
603670
603671
603673
603680
603681
603685
603687
603689
603690
603693
603694
603700
603701
603704
603711
603714
603716
603725
603732
603734
603756
603776
603780
603786
603791
603795
603796
603799
603806
603816
603824
603826
603827
603828
603830
603839
603846
603848
603850
603851
603856
603860
603868
603883
603892
603902
603904
603909
603918
603924
603930
603933
603935
603937
603944
603951
603961
603964
603965
603967
604002
604011
604025
604033
604040
604050
604052
604061
604064
604065
604072
604088
604092
604095
604103
604115
604117
604121
604124
604129
604144
604145
604149
604156
604159
604161
604167
604169
604171
604174
604176
604185
604187
604199
604204
604210
604212
604214
604218
604219
604229
604233
604242
604254
604258
604260
604270
604271
604272
604277
604288
604289
604292
604294
604299
604305
604307
604311
604312
604313
604318
604319
604325
604326
604327
604329
604332
604348
604352
604356
604357
604364
604365
604366
604367
604370
604373
604381
604383
604384
604385
604386
604392
604393
604395
604400
604401
604403
604404
604411
604416
604417
604418
604427
604432
604433
604439
604447
604454
604457
604465
604475
604484
604485
604488
604517
604519
604532
604539
604556
604557
604559
604572
604579
604580
604581
604584
604588
604590
604592
604593
604595
604597
604599
604611
604613
604619
604624
604625
604630
604638
604641
604653
604662
604666
604669
604670
604671
604672
604677
604683
604685
604686
604694
604695
604712
604717
604748
604757
604759
604765
604766
604767
604771
604772
604775
604799
604805
604808
604819
604824
604830
604831
604834
604839
604840
604841
604846
604864
604882
604895
604900
604906
604907
604922
604930
604933
604934
604946
604948
604949
604961
604975
604976
604983
604985
604990
605010
605018
605020
605031
605039
605041
605046
605047
605048
605055
605074
605078
605080
605093
605100
605101
605115
605120
605130
605131
605143
605145
605158
605166
605185
605189
605192
605194
605201
605204
605205
605206
605210
605216
605219
605226
605232
605235
605237
605238
605239
605242
605244
605249
605253
605254
605259
605262
605266
605267
605268
605274
605275
605280
605283
605284
605289
605290
605293
605299
605305
605309
605313
605315
605317
605321
605325
605328
605336
605353
605354
605361
605362
605367
605370
605371
605373
605375
605376
605377
605379
605380
605383
605384
605387
605389
605391
605394
605407
605410
605411
605414
605419
605420
605423
605425
605427
605428
605429
605432
605437
605441
605452
605459
605460
605462
605463
605472
605474
605475
605476
605480
605490
605497
605512
605514
605515
605516
605518
605522
605526
605543
605552
605555
605557
605558
605565
605566
605572
605574
605580
605582
605583
605588
605589
605593
605594
605597
605602
605616
605627
605635
605637
605646
605652
605670
605676
605692
605697
605698
605699
605704
605705
605708
605712
605713
605714
605721
605725
605727
605728
605735
605738
605740
605747
605748
605750
605751
605775
605779
605789
605801
605802
605808
605809
605815
605818
605820
605827
605828
605829
605837
605852
605874
605880
605882
605896
605906
605909
605910
605913
605915
605921
605925
605946
605956
605965
605967
605978
605983
605990
605995
605997
606002
606004
606009
606012
606014
606021
606025
606037
606053
606054
606061
606062
606066
606069
606070
606071
606072
606075
606082
606100
606127
606131
606142
606158
606159
606164
606170
606176
606183
606200
606201
606203
606210
606215
606217
606236
606240
606241
606242
606250
606252
606260
606263
606268
606271
606278
606282
606346
606347
606350
606351
606352
606353
606368
606374
606384
606386
606391
606392
606410
606416
606417
606419
606425
606438
606439
606441
606445
606447
606451
606462
606463
606471
606472
606478
606480
606482
606483
606496
606503
606518
606519
606522
606523
606531
606535
606538
606551
606552
606554
606557
606566
606577
606579
606580
606585
606595
606597
606598
606603
606604
606608
606609
606629
606631
606636
606640
606649
606655
606657
606658
606672
606676
606681
606685
606688
606696
606702
606703
606705
606706
606707
606713
606718
606719
606721
606725
606726
606731
606737
606742
606745
606754
606762
606764
606765
606766
606777
606784
606785
606797
606807
606808
606810
606829
606831
606835
606837
606838
606840
606847
606856
606860
606864
606868
606886
606889
606895
606896
606919
606926
606928
606933
606934
606936
606938
606939
606940
606943
606945
606951
606953
606983
606989
606992
606999
607001
607002
607004
607017
607035
607037
607040
607047
607054
607056
607060
607066
607078
607082
607083
607086
607087
607093
607100
607101
607102
607108
607111
607115
607123
607134
607136
607137
607151
607152
607153
607170
607174
607187
607198
607199
607202
607208
607210
607211
607212
607221
607223
607244
607250
607252
607254
607259
607261
607270
607273
607276
607278
607279
607292
607300
607301
607304
607306
607311
607323
607324
607325
607329
607330
607331
607343
607346
607354
607358
607364
607371
607379
607392
607393
607394
607402
607408
607411
607450
607453
607454
607458
607462
607464
607465
607478
607479
607484
607485
607487
607488
607491
607492
607498
607501
607508
607516
607523
607536
607538
607541
607542
607554
607556
607557
607565
607566
607569
607575
607578
607585
607592
607595
607600
607601
607602
607606
607622
607628
607631
607632
607634
607636
607640
607641
607642
607643
607644
607653
607654
607655
607656
607658
607667
607671
607674
607677
607678
607681
607682
607683
607684
607688
607696
607708
607709
607721
607731
607734
607736
607745
607751
607759
607761
607785
607786
607791
607795
607796
607801
607803
607818
607822
607823
607829
607831
607836
607841
607842
607844
607850
607854
607859
607864
607867
607876
607883
607892
607900
607903
607904
607921
607922
607929
607932
607938
607941
607944
607948
607949
607961
607984
607985
607998
608002
608014
608025
608026
608030
608033
608036
608038
608042
608051
608059
608071
608072
608074
608078
608088
608092
608096
608105
608107
608115
608118
608124
608125
608133
608135
608136
608137
608145
608148
608156
608160
608161
608166
608167
608170
608174
608177
608180
608189
608204
608206
608208
608210
608212
608214
608217
608221
608224
608226
608236
608244
608245
608248
608251
608256
608257
608260
608279
608283
608289
608309
608310
608315
608317
608320
608321
608323
608328
608331
608345
608347
608354
608358
608360
608361
608363
608367
608372
608388
608389
608390
608394
608414
608423
608433
608434
608441
608442
608445
608455
608456
608465
608470
608471
608474
608480
608484
608487
608500
608507
608512
608517
608518
608533
608537
608541
608543
608547
608548
608556
608562
608567
608568
608571
608576
608580
608581
608583
608585
608586
608591
608593
608597
608599
608600
608615
608622
608627
608628
608633
608634
608636
608641
608645
608648
608650
608652
608656
608658
608662
608667
608668
608669
608673
608677
608687
608695
608696
608702
608703
608706
608707
608709
608726
608730
608742
608749
608751
608752
608755
608761
608762
608764
608768
608771
608778
608787
608798
608803
608805
608807
608808
608810
608812
608814
608815
608816
608828
608830
608831
608833
608845
608846
608850
608885
608886
608892
608893
608895
608902
608903
608904
608905
608906
608907
608908
608921
608930
608932
608935
608944
608968
608970
608977
608984
608988
608990
608995
609003
609006
609007
609010
609016
609022
609023
609033
609038
609039
609040
609041
609048
609062
609070
609072
609101
609115
609122
609128
609129
609132
609133
609136
609139
609141
609144
609152
609153
609161
609162
609164
609165
609166
609168
609179
609185
609192
609196
609200
609213
609222
609239
609246
609250
609252
609253
609255
609260
609269
609270
609271
609273
609283
609284
609285
609286
609289
609291
609296
609299
609300
609306
609307
609309
609310
609322
609324
609335
609347
609363
609369
609377
609384
609390
609405
609413
609414
609415
609423
609432
609435
609446
609447
609452
609454
609457
609463
609464
609469
609470
609479
609489
609506
609507
609508
609510
609512
609514
609520
609524
609526
609532
609536
609558
609562
609566
609578
609579
609590
609591
609597
609612
609617
609620
609625
609629
609630
609631
609634
609636
609637
609640
609643
609646
609648
609649
609653
609670
609671
609674
609678
609689
609695
609701
609708
609712
609727
609739
609741
609756
609757
609791
609797
609800
609806
609808
609812
609814
609815
609817
609820
609821
609825
609826
609875
609886
609890
609893
609909
609912
609915
609923
609928
609942
609945
609955
609965
609968
609976
609982
609983
609994
609995
610005
610012
610017
610021
610022
610023
610024
610031
610032
610038
610048
610053
610069
610076
610079
610080
610084
610099
610100
610104
610105
610110
610113
610125
610130
610131
610132
610140
610158
610168
610187
610193
610197
610202
610205
610206
610208
610209
610213
610215
610222
610226
610227
610230
610234
610243
610244
610245
610246
610250
610251
610253
610260
610261
610262
610266
610272
610277
610282
610285
610290
610297
610303
610331
610338
610339
610349
610353
610355
610359
610361
610362
610374
610381
610382
610388
610415
610420
610425
610432
610438
610439
610443
610444
610445
610448
610456
610474
610475
610476
610489
610512
610514
610528
610535
610536
610540
610549
610550
610551
610568
610578
610582
610586
610596
610613
610618
610619
610622
610623
610628
610652
610655
610657
610672
610680
610682
610685
610703
610704
610706
610708
610733
610743
610753
610755
610759
610805
610828
610829
610838
610839
610840
610855
610863
610878
610883
610897
610911
610913
610915
610917
610928
610931
610933
610934
610942
610947
610954
610962
610966
610967
610978
610982
611016
611021
611031
611034
611046
611051
611060
611089
611104
611119
611131
611136
611145
611147
611150
611170
611184
611192
611203
611204
611220
611223
611228
611236
611242
611254
611259
611274
611277
611282
611284
611308
611315
611332
611364
611377
611379
611386
611404
611409
611414
611420
611421
611426
611431
611432
611448
611472
611482
611489
611490
611492
611501
611507
611515
611528
611539
611542
611543
611544
611546
611548
611549
611559
611562
611571
611572
611584
611590
611595
611597
611603
611606
611630
611631
611632
611634
611637
611638
611642
611650
611684
611695
611706
611716
611717
611731
611738
611739
611742
611762
611773
611776
611777
611778
611783
611788
611804
611805
611808
611816
611819
611863
611878
611880
611888
611895
611897
611907
611910
611911
611913
611925
611927
611929
611931
611934
611936
611944
611945
611962
612003
612004
612012
612014
612017
612018
612025
612048
612051
612069
612076
612078
612089
612096
612097
612098
612099
612101
612107
612120
612124
612126
612132
612133
612139
612149
612158
612161
612164
612169
612188
612198
612201
612227
612233
612238
612239
612240
612247
612253
612269
612277
612279
612283
612286
612287
612290
612292
612293
612304
612309
612313
612315
612335
612336
612337
612348
612349
612353
612356
612360
612370
612374
612386
612400
612415
612416
612422
612431
612433
612438
612445
612448
612452
612462
612463
612465
612474
612475
612502
612503
612539
612542
612554
612555
612561
612570
612576
612577
612580
612581
612582
612591
612598
612621
612626
612637
612638
612641
612642
612643
612644
612653
612656
612657
612666
612671
612702
612712
612715
612716
612717
612719
612724
612732
612740
612761
612773
612778
612792
612794
612798
612831
612841
612843
612850
612853
612867
612868
612876
612880
612899
612901
612908
612911
612917
612922
612923
612924
612925
612926
612935
612943
612954
612955
612956
612961
612964
612965
612968
612971
612975
612990
612998
612999
613000
613001
613004
613005
613018
613019
613021
613025
613038
613060
613065
613067
613071
613072
613073
613074
613077
613084
613087
613088
613092
613095
613096
613105
613106
613107
613112
613113
613116
613118
613120
613121
613138
613144
613146
613160
613164
613171
613172
613194
613199
613205
613213
613216
613229
613236
613237
613238
613254
613265
613266
613267
613268
613269
613270
613286
613287
613289
613293
613309
613310
613325
613329
613333
613336
613339
613340
613343
613345
613347
613350
613351
613353
613364
613370
613371
613375
613376
613382
613403
613405
613418
613420
613424
613425
613426
613428
613435
613443
613458
613468
613469
613471
613477
613480
613484
613485
613488
613490
613506
613517
613521
613522
613530
613539
613543
613545
613546
613551
613554
613558
613563
613566
613577
613580
613587
613589
613603
613608
613609
613618
613619
613621
613622
613628
613629
613640
613643
613655
613656
613657
613665
613670
613673
613674
613675
613677
613679
613681
613684
613685
613686
613688
613689
613690
613693
613694
613695
613697
613702
613707
613708
613712
613715
613717
613720
613721
613727
613731
613733
613736
613737
613740
613748
613750
613756
613762
613763
613768
613769
613776
613780
613792
613795
613796
613820
613827
613828
613829
613830
613834
613837
613838
613854
613857
613858
613863
613870
613872
613873
613874
613875
613876
613877
613881
613882
613884
613888
613899
613900
613908
613909
613926
613932
613938
613944
613955
613956
613969
613970
613977
613979
613980
613981
613982
613983
613985
613986
613989
613990
614009
614022
614033
614036
614038
614039
614041
614042
614049
614050
614061
614065
614098
614100
614101
614103
614104
614113
614116
614123
614135
614140
614141
614152
614153
614154
614156
614158
614159
614162
614165
614166
614167
614169
614172
614185
614187
614191
614194
614198
614200
614203
614211
614212
614219
614226
614227
614228
614230
614233
614250
614251
614252
614254
614255
614256
614257
614260
614279
614280
614294
614295
614296
614302
614303
614305
614306
614321
614323
614326
614327
614334
614335
614337
614350
614369
614371
614372
614386
614388
614389
614390
614391
614394
614396
614404
614408
614415
614417
614422
614427
614429
614430
614431
614432
614433
614434
614435
614436
614450
614455
614456
614468
614470
614474
614475
614483
614485
614487
614491
614492
614494
614495
614496
614497
614508
614514
614521
614524
614526
614527
614539
614554
614556
614558
614563
614564
614567
614574
614583
614588
614590
614591
614592
614594
614607
614608
614609
614613
614614
614616
614617
614618
614622
614623
614628
614629
614647
614649
614659
614662
614666
614669
614674
614675
614676
614690
614696
614701
614714
614731
614732
614742
614743
614745
614751
614753
614756
614757
614777
614782
614785
614787
614800
614807
614808
614809
614814
614816
614820
614822
614823
614826
614838
614841
614844
614847
614849
614850
614855
614856
614858
614860
614865
614878
614880
614888
614892
614893
614894
614897
614900
614916
614929
614936
614937
614940
614954
614958
614959
614962
614972
614973
614979
614980
614982
614984
614998
615005
615007
615009
615010
615016
615025
615026
615032
615034
615040
615048
615049
615054
615059
615065
615066
615072
615073
615074
615075
615081
615082
615083
615092
615101
615102
615121
615127
615140
615156
615163
615170
615184
615185
615188
615190
615193
615197
615220
615221
615224
615225
615232
615234
615235
615248
615266
615267
615269
615270
615271
615274
615280
615282
615290
615292
615293
615298
615314
615327
615342
615343
615344
615346
615355
615361
615362
615368
615369
615373
615377
615378
615381
615386
615392
615396
615399
615400
615402
615404
615410
615411
615412
615413
615416
615418
615420
615421
615422
615424
615426
615432
615433
615436
615439
615457
615465
615473
615474
615483
615496
615502
615506
615513
615515
615517
615518
615522
615523
615524
615529
615532
615533
615537
615542
615544
615545
615547
615548
615549
615550
615551
615552
615554
615555
615557
615575
615577
615582
615583
615584
615589
615590
615598
615604
615605
615612
615616
615618
615625
615629
615632
615649
615654
615656
615668
615670
615674
615680
615696
615697
615704
615706
615721
615722
615726
615728
615730
615735
615736
615743
615744
615749
615761
615763
615771
615776
615779
615781
615785
615790
615792
615812
615820
615821
615828
615829
615830
615834
615846
615847
615848
615849
615862
615866
615871
615873
615877
615879
615881
615883
615885
615896
615903
615907
615909
615911
615916
615922
615923
615925
615934
615937
615938
615945
615946
615949
615950
615951
615952
615954
615957
615962
615963
615970
615972
615978
615999
616002
616004
616005
616026
616027
616028
616032
616040
616044
616050
616053
616055
616056
616063
616067
616078
616079
616083
616093
616095
616100
616101
616106
616115
616117
616118
616139
616151
616152
616158
616166
616172
616174
616186
616187
616208
616209
616214
616216
616230
616231
616244
616247
616249
616255
616260
616266
616268
616275
616279
616280
616282
616298
616311
616313
616321
616327
616329
616330
616331
616340
616341
616346
616351
616355
616357
616361
616362
616364
616366
616367
616368
616371
616373
616386
616389
616393
616398
616399
616400
616404
616407
616409
616410
616413
616414
616418
616421
616425
616428
616436
616437
616439
616441
616452
616454
616455
616457
616461
616462
616468
616470
616471
616482
616484
616487
616491
616507
616511
616516
616521
616532
616534
616535
616553
616559
616564
616568
616576
616579
616580
616583
616586
616589
616592
616596
616602
616603
616604
616618
616625
616638
616648
616649
616652
616655
616661
616669
616685
616687
616688
616689
616697
616698
616707
616708
616710
616711
616722
616724
616728
616729
616734
616736
616738
616741
616744
616755
616768
616779
616780
616788
616789
616795
616803
616818
616831
616833
616835
616842
616849
616852
616858
616863
616871
616873
616882
616894
616898
616902
616903
616913
616914
616921
616922
616923
616924
616937
616938
616941
616944
616946
616964
616968
616969
616973
616975
616977
616982
616984
617004
617018
617027
617035
617039
617041
617045
617047
617053
617056
617061
617062
617073
617080
617087
617101
617111
