Gene   Phenotype
100650 610251;
100678 614055;
100690 253290;601462;608930;
100710 616313;616314;
100720 253290;616321;616322;616323;
100725 605809;608931;616324;
100730 253290;265000;
100740 112100;
100790 209880;
100850 614559;616289;
102540 612098;612794;613424;
102545 155310;
102560 604717;614583;
102565 609524;614065;617047;
102573 612158;
102575 615193;
102576 135100;
102582 147060;615952;
102600 614723;
102610 161800;255310;616852;
102620 611788;613834;614042;
102630 243310;607371;
102680 145500;
102750 614300;
102770 615511;
102771 615686;615809;
102772 612874;
103000 612631;
103020 267500;
103072 610154;
103220 609283;615418;
103280 130650;180860;194071;
103320 615120;
103600 615999;616000;
103720 103780;
103730 103780;168600;
103850 611881;
103950 104300;614036;
104150 615969;615970;
104155 176807;
104160 600666;
104170 609241;609242;
104225 615431;
104260 607876;
104311 172700;600274;607822;613694;613737;
104614 220100;
104620 609924;
104760 104300;605714;
105590 613014;
105850 611895;
106150 145500;267430;
106165 145500;267430;
106180 267430;612624;614519;
106410 600919;
107265 613493;
107269 609027;
107271 612300;
107300 613118;
107310 616291;
107323 266100;
107400 606963;613490;
107470 209950;600263;607948;610424;615978;
107580 113620;
107670 143890;
107680 105200;604091;
107720 614028;
107730 144010;615558;
107741 104310;269600;603075;611771;
107773 615779;
107776 110450;
107777 125800;
107820 616140;
107910 139300;613546;
107930 608643;
108370 615574;
108730 601003;
108733 601386;
108740 101900;124200;
108780 612201;615745;
108961 602875;615923;616255;
109091 187950;254450;
109270 110500;112010;112050;166900;179800;185020;601550;601551;611162;611590;612653;
109480 111380;
109535 606843;
109630 607276;
109690 600807;601665;
109691 601665;
109700 105200;241600;
109750 614156;
109760 614674;
110300 616093;
110600 616060;
110750 611162;616089;
111300 611162;
111700 111690;
111740 611162;
112205 613501;
112210 613495;
112261 112600;235200;
112262 600625;607932;
112264 614856;
113505 164230;209880;607499;610269;
113705 604370;614320;
113730 601665;
113810 614653;615425;
113811 122400;226650;
114010 616457;
114019 612580;
114021 225280;601553;
114090 616295;
114131 166710;
114180 614916;616247;
114182 616249;
114205 601005;611875;
114206 614896;615474;
114208 170400;188580;601887;
114220 616907;
114240 253600;
114250 616231;
114251 611938;
114350 601626;613065;
114760 600852;
114761 615751;
114815 613227;
114840 609812;
115440 617062;
115500 614097;
115501 203290;612271;
116790 167870;181500;
116805 608970;
116806 114500;114550;132600;167000;615075;
116840 610127;
116897 601626;
116945 616968;
116952 616737;
116955 602668;
117143 616051;
117700 604290;
118190 605280;612233;
118423 604356;
118425 160800;255700;
118470 143470;
118485 613743;
118490 254210;
118494 100100;
118502 610353;
118503 612052;
118504 188890;600513;
118505 612052;
118507 605375;
118661 143200;
120070 104200;141200;203780;
120090 614483;614519;
120110 156500;
120120 131705;131750;131850;132000;226600;604129;607523;
120130 175780;180000;607595;611773;614519;
120131 203780;
120140 108300;132450;150600;151210;156550;183900;184250;200610;215150;271700;604864;608805;609162;609508;616583;
120150 114000;130000;130060;166200;166210;166220;166710;259420;
120160 130060;166210;166220;166710;225320;259420;
120180 130050;
120190 130000;
120210 614134;614135;
120215 130000;
120220 158810;254090;
120240 158810;254090;255600;
120250 158810;254090;616411;
120252 136800;609140;
120260 600204;603932;614284;
120270 600969;603932;
120280 154780;228520;603932;604841;
120290 184840;215150;277610;601868;609706;614524;
120320 616470;616471;
120328 267750;
120350 616720;
120353 226600;606963;
120360 259600;
120361 613073;
120436 158320;276300;609310;
120470 114500;133239;157600;
120520 617017;617018;
120550 613652;
120570 613652;
120575 613652;
120580 613783;
120620 607486;611162;
120650 610927;614699;
120700 611378;612925;613779;
120810 614374;614380;
120820 614379;
120900 609536;615749;
120920 612922;
120940 613825;615591;
120950 613790;
120960 613789;
120980 609939;
121011 124500;148210;148350;149200;220290;601544;602540;
121013 108770;614049;
121014 104100;133200;164200;186100;218400;241550;257850;600309;
121015 601885;
121360 601626;
122500 611489;
122720 122700;188890;211980;
123101 168500;168550;604757;
123580 604219;
123590 608810;613763;613869;615184;
123610 600881;
123620 601547;
123630 609741;
123631 610425;
123670 615188;
123680 604307;
123690 115700;
123695 608940;
123730 116100;
123740 616357;
123805 112410;
123810 612160;
123825 613756;
123829 609048;
123831 616342;
123833 615938;
123841 259440;
123860 615897;
123870 220110;
123889 610424;612567;
123890 140300;152700;601388;609755;616100;
123930 614546;
123940 193900;
123970 612004;
123980 615453;
124015 201750;613571;
124020 609535;
124030 608902;
124050 181500;
124080 203400;610600;
124089 220110;
124092 180300;609423;614395;
125240 613793;
125255 610048;
125270 612740;
125485 125420;125490;125500;605594;
125505 152700;
125645 610476;
125647 605676;607450;607655;609638;612908;615821;
125660 181400;601419;604765;615325;
125670 148700;615508;
125671 610193;612877;
126060 613839;
126064 263750;
126065 143880;
126090 264070;
126141 612956;616311;
126337 613488;
126340 278730;601675;610756;
126375 604121;614116;
126380 610758;
126451 181500;190300;
126452 143465;601696;
126453 143465;606798;
126455 188890;613135;
126650 214700;
128239 613818;616538;
128260 615059;
129010 145900;605253;607678;
129190 211800;
130130 162800;202700;
130160 123700;185500;
130410 231680;
130500 611804;
130610 609306;
130620 153550;
131195 187300;
131210 145500;
131222 603041;
131230 614391;
131240 612798;615706;
131242 209880;613265;613712;
131243 157300;616367;
131244 277580;600155;600501;
131320 146255;
131340 610245;
131370 612932;
131399 261500;
131530 611718;
131550 211980;616069;
132810 189800;607748;
132811 143890;
132890 615722;
133170 612623;
133171 133100;
133430 114480;157300;608446;615363;
133440 615091;
133450 612219;
133510 610651;616390;
133520 278760;610965;615272;
133530 278780;616570;
133550 222730;615232;
134350 613912;
134370 126700;235400;609814;610698;
134371 235400;603075;
134570 188050;608446;613225;
134580 613235;
134629 616631;
134637 601859;
134638 211980;601859;
134770 615517;
134790 600886;606159;615604;
134797 102370;129600;154700;184900;604308;608328;614185;616914;
134820 105200;202400;616004;
134830 202400;616004;
134850 202400;616004;
134934 100800;109800;114500;146000;149730;162900;187600;187601;273300;602849;603956;610474;612247;616482;
135600 601894;614101;
135820 608180;
135940 146700;605803;
136132 602079;
136350 101600;123150;147950;166250;190440;613001;615465;
136351 601626;613065;
136352 153100;602089;
136430 613068;
136435 233300;276400;608115;
136530 229070;
136533 268220;
136836 613852;
136850 150800;606812;
137035 616461;
137060 607091;
137070 608030;614782;
137140 103780;
137150 613163;
137160 611136;615744;
137163 613060;
137164 607681;611277;
137165 616421;
137167 277450;610842;
137192 612269;617113;
137290 204870;
137295 601626;614038;614172;614286;
137350 105120;
137780 203450;
137960 256810;
138033 125853;
138040 615962;
138079 125851;125853;602485;606176;
138090 604931;
138130 606762;
138140 601042;606777;608885;612126;614847;
138160 125853;227810;
138180 614419;
138210 616281;
138244 611092;
138249 614254;
138250 219150;601162;616586;616603;
138252 613970;616139;
138253 245570;
138290 610015;
138292 610542;
138320 614164;
138322 250220;
138420 614480;
138430 125853;
138470 612924;615489;615561;
138491 149400;
138492 614619;
138570 611556;
138571 240600;
138720 231200;
138760 614033;
138850 146110;
138890 602471;
138945 607485;614706;
138971 617014;
138981 614370;
139130 145500;617024;
139150 605462;608354;608355;
139191 612781;
139250 173100;262400;262650;612781;
139311 615473;
139312 615073;
139313 145981;615361;
139320 102200;103580;166350;174800;219080;603233;612462;612463;
139330 610444;616389;
139340 613856;
139350 113800;144200;146590;600962;607602;607654;
139360 192605;
139370 602483;
139380 613065;616973;
139396 615750;
140100 614081;
141250 606963;614034;
141800 140700;604131;613978;
141850 140700;604131;613978;
141900 140700;141749;603902;603903;611162;613985;
142200 141749;
142250 141749;613977;
142360 612356;
142409 608265;
142410 125853;142330;144700;222100;600496;612520;
142445 603013;
142461 224410;255800;
142600 235700;605285;
142622 224500;
142640 613116;
142704 137580;
142800 608579;
142810 614504;616625;
142830 106300;608579;
142840 177900;609423;
142857 126200;180300;181000;
142871 600807;
142955 601536;
142958 605432;
142959 140000;176305;
142968 614744;
142976 614931;
142983 106600;189500;608874;
142984 192950;
142989 113200;113300;186000;186300;610713;
142992 612109;
142993 610092;610093;
142994 176450;
143054 616977;
143450 609015;
146661 608971;
146690 180105;613837;
146738 219050;
146740 615707;
146770 613500;
146790 152700;219700;611162;
146880 212750;
146920 127400;615010;
146929 609423;
146933 613148;
147020 601495;
147138 147050;
147141 616941;
147183 614814;
147200 614102;
147245 612692;
147265 117360;206700;606658;
147267 222100;
147280 114550;
147370 270450;
147440 608747;
147450 105400;
147460 612634;
147470 616489;
147520 613850;616647;
147545 125853;
147556 226730;
147557 131800;226650;226730;
147558 616221;
147569 614889;
147570 607948;609135;609423;609532;613254;
147571 616126;
147575 211980;613659;
147620 108010;125853;148000;266600;604302;
147650 613657;
147670 246200;262190;609968;610549;
147679 137215;612628;612852;
147683 600807;607154;
147700 137800;
147720 137215;
147730 601942;606367;
147781 147050;609423;
147796 133100;254450;263300;600800;601626;614521;
147840 611162;
147880 614689;614752;
147910 615953;
148040 131760;131800;131900;131960;179850;601001;609352;
148041 615726;
148042 615728;
148043 122100;
148060 215600;
148065 615785;
148066 125595;131760;131800;131900;161000;601001;
148067 167200;613000;
148069 167210;184500;
148070 215600;
148080 113800;607602;609165;
148760 152950;
150000 612933;
150100 614128;
150240 615191;
150292 226650;226700;
150310 104530;226650;226700;
150320 615960;
150325 609049;614199;
150330 115200;151660;159001;176670;181350;212112;248370;275210;605588;610140;613205;616516;
150340 169500;
150341 608709;616540;
150370 271400;
150571 608446;
151350 615438;
151385 601399;601626;
151410 608232;613065;
151443 601559;
151460 608971;609532;
151670 125853;612797;614025;
151750 615980;
152390 600807;
152424 613985;
152427 609620;613688;
152445 604117;
152760 614841;
152780 228300;
152790 176410;238320;
153390 615758;
153440 607507;608446;610988;
153450 105200;
153454 225400;
153456 177650;
153620 604302;
153622 176807;614266;
154045 615277;
154050 615274;
154235 614181;
154545 614372;
154550 602579;
154870 245150;
154950 171300;
155540 602025;607948;
155541 601665;
155555 203200;266300;613098;613099;
155760 165800;608361;612813;
156100 607174;
156225 607855;
156490 256700;
156540 112250;
156560 615486;616280;
156570 250940;601634;
156845 103470;103500;193510;614456;
157140 168600;172700;260540;600274;601104;
157145 611928;
157147 200100;605552;
157655 252010;
157660 250250;250460;607095;
158105 182940;607948;609423;
158340 174000;
158375 600807;
158378 213600;
159350 114500;
159440 118200;145900;180800;605253;607677;607736;607791;
159460 616680;
159465 614250;
159530 254450;601977;604498;
159555 605130;
159991 614408;
160710 613251;613252;614089;614090;
160720 178110;193700;601680;
160740 605637;
160741 158300;608837;
160745 132900;
160760 160500;181430;192600;255160;608358;613426;
160775 153640;153650;155100;600208;603622;605249;
160777 214450;
160781 608758;
160790 608751;
160794 614335;614915;
160998 114480;
161015 252010;
161561 614890;
161650 256030;
162030 608654;
162080 613750;
162150 600955;612362;
162230 105400;616924;
162280 607684;607734;
162330 614839;
162332 614840;
162643 193670;
162662 613100;
163729 104300;145500;189800;601367;
163730 145500;611162;
163890 127750;168601;605543;
163970 604715;
164005 602535;614753;
164008 612132;
164009 612376;
164010 614961;
164011 616576;
164012 615577;
164015 606070;
164017 615424;615426;
164040 601626;
164050 613179;
164160 614962;
164350 222100;
164360 615228;616045;
164730 114480;114500;167000;176920;181500;615109;
164731 125853;240900;
164757 115150;211980;613706;613707;
164760 611553;611554;615916;
164761 142623;155240;162300;171300;171400;209880;
164770 221820;
164780 182212;
164785 614401;
164790 114500;137550;162900;163200;188470;249400;613224;614470;
164820 615220;615221;
164840 164280;
164860 114550;605074;607278;616705;
164870 137800;211980;613659;
164874 613454;
164920 154800;172800;273300;601626;606764;
164950 610706;
164975 180700;
165190 190330;
165215 616738;
165230 610829;615849;
165240 146510;174200;174700;175700;241800;
165330 273395;
165360 607785;613563;
165640 114500;
167409 120330;616002;
167410 268220;
167411 615560;
167413 125853;612225;612227;
167414 615545;
167415 218700;
167416 604625;
167420 202650;
167790 167800;608189;
168450 146200;
168461 114500;193300;254500;
168468 125350;156400;215045;600002;
168470 613382;
168820 612633;
170260 604571;
170261 604571;
170280 603553;605027;609135;
170290 613877;
170710 105400;
170993 614866;614867;
170995 616278;
171050 120080;612244;
171060 600803;602347;614972;
171640 607944;
171650 200950;
171760 146300;241500;241510;
171833 269880;615214;616005;
171834 114480;114500;114550;162900;167000;182000;211980;602501;612918;613659;615108;
171900 614921;
172100 615816;
172400 613470;
172405 609909;613874;
172411 114500;
172460 601634;
172471 613027;
172480 614023;
172490 261750;
172860 613982;
173110 613038;
173321 613453;
173325 601214;611528;
173335 125853;208000;601665;613312;615522;
173350 217090;
173360 613329;
173370 612348;
173410 131440;228550;601812;615007;616592;
173470 187800;273800;608446;
173490 606764;607685;
173510 608404;610938;611162;
173515 231200;
173610 147050;
173910 613095;
174761 612591;615381;
174762 615083;615139;
174763 157640;203700;258450;607459;613662;
176258 616187;
176260 160120;
176261 612347;613695;
176262 616366;
176264 605259;
176267 612240;
176300 105210;115430;145680;
176610 614808;
176640 123400;137440;245300;600072;603218;606688;
176705 114480;
176730 125852;606176;613370;616214;
176740 615919;
176761 615554;615555;
176790 112240;
176797 612447;
176801 249900;610539;611721;611722;
176804 208550;
176830 601665;609734;
176872 615279;
176876 151100;156250;163950;607785;
176880 612336;614514;
176885 125853;
176891 600263;
176893 616176;
176894 615436;
176895 614024;
176930 188050;601367;613679;614390;
176941 611521;
176943 101200;101400;101600;123150;123500;123790;149730;207410;609579;613659;614592;
176946 116600;
176947 269840;617006;
176977 615559;
176980 605361;
177046 256040;
177060 174050;
177070 612690;
177075 601088;610202;
178620 610913;
178630 178500;
178640 265120;
178642 178500;
179035 612940;614438;
179060 614111;
179410 611022;
179590 616001;
179605 136880;169150;608133;608161;613105;
179615 233650;601457;603554;609889;
179616 233650;601457;603554;
179617 114480;614508;
179755 605074;
179820 267430;613092;
180040 610612;
180069 204100;613794;
180071 613810;
180072 163500;613801;
180073 613582;
180090 136880;607475;607476;
180220 615524;
180240 612376;
180250 615147;616428;
180290 615233;
180297 185000;268150;
180380 136880;610445;613731;
180381 613411;
180430 608611;
180435 601518;
180468 612528;
180472 612527;
180721 608133;
180901 117000;145600;255320;
180902 600996;604772;
180960 613752;
181031 258100;613758;
181510 181500;
181590 612703;
182100 612542;
182120 616507;
182125 612716;
182135 103780;164230;181500;606788;608516;
182138 164230;607834;
182279 176270;
182282 117650;
182283 609423;
182307 616868;
182309 612286;613388;616963;
182330 145500;
182340 104290;602481;
182350 128235;601338;614820;
182380 606824;
182381 233100;
182389 604403;607208;609634;
182390 607745;613721;
182465 617140;
182530 135300;610733;
182810 613477;
182860 130600;266140;270970;
182870 616649;
184429 206900;
184600 607936;
184745 145250;611664;616697;
184755 613724;
184757 612964;612965;613957;
185250 614466;
185470 115310;171300;606764;606864;612359;
185535 613217;613244;
185620 256000;616684;
185880 108600;
186357 601665;
186711 615122;
186740 615607;
186780 610163;
186790 615617;
186830 615615;
186845 613496;
186855 613065;
186880 615387;
186910 608957;
186940 613949;
186973 613011;
187040 613065;
187270 601626;613989;614742;615134;
187380 615629;
187680 610460;
188040 612926;614486;
188061 603932;
188070 614009;
188250 609560;617069;
188380 613740;
188450 274700;608175;
188540 275100;
188826 136900;
188830 101800;160980;255960;610489;
188840 600334;603689;604145;608807;611705;613765;
189907 125853;137920;144700;
189909 609141;613270;
189964 616943;
189967 108985;
190000 209300;
190010 616740;
190020 109800;137550;162900;163200;188470;218040;
190040 607174;607907;615483;
190070 109800;114480;137215;163200;211980;260350;601626;609942;614470;615278;
190080 113970;
190090 114500;616937;
190120 614450;
190151 607598;
190160 145650;188570;274300;
190180 131300;219700;
190181 132800;609192;
190182 133239;610168;614331;
190195 242300;
190197 615400;
190198 109730;616028;
190220 614816;
190230 107970;615582;
190315 615182;
190450 615512;
190990 108120;601680;609285;
191010 115196;611878;
191030 255310;609284;
191040 611879;613243;
191041 605355;
191043 601680;
191044 115210;611880;613286;613690;
191045 115195;601494;612422;
191092 606690;613254;
191110 616208;
191130 156610;615771;
191135 615412;
191160 157300;600807;611162;
191163 616744;
191170 114480;114500;114550;137800;151623;202300;259500;260350;260500;607107;614740;
191190 142680;614810;
191195 211980;
191290 605407;
191305 613375;
191306 602089;
191311 271665;
191315 155240;256800;
191329 615160;
191330 615158;
191339 119540;
191342 613643;615491;
191350 608093;614750;
191523 602491;
191525 608106;
191740 143500;218800;237900;601816;606785;
191840 104300;601709;
191845 162000;603860;609886;
192090 114480;137215;167000;176807;608089;
192132 267300;
192240 603933;
192340 125700;
192974 614200;
192977 224050;
193060 116300;
193065 611407;613255;
194355 612371;
194363 616541;
194648 615226;
195000 615774;
200350 613933;
209901 209900;
211100 616754;
217030 610984;612923;615439;
217050 612446;
217070 610102;
229000 612423;
231675 231680;
232000 606054;
232050 606054;
238300 605899;
238310 605899;
238330 605899;
238331 246900;
243305 602088;
246530 614037;
246600 614338;
248610 248600;
248611 248600;
251170 175900;260920;610377;
252800 607014;607015;607016;
264900 612416;
274180 231095;614158;
275360 612119;
276000 167800;614044;
276903 276900;600060;601317;
300005 300055;300260;300496;300673;312750;
300008 300009;300554;308990;310468;
300011 300489;304150;309400;
300013 300855;309800;
300014 302500;
300017 300048;300049;300244;300321;304120;305620;309350;311300;314400;
300019 309541;
300032 300448;301040;309580;
300035 304110;
300036 300352;
300037 194070;312870;
300039 304400;
300040 300590;
300056 309801;
300072 300919;300968;
300075 300844;303600;
300078 252010;
300079 300635;
300080 311900;
300084 300967;
300090 300934;
300095 300523;
300096 300210;
300104 300849;
300105 309583;
300108 300511;
300110 300071;300476;300600;
300120 300758;
300121 300067;
300126 305000;
300127 300486;
300128 300867;
300131 300910;
300135 301310;
300137 300888;
300138 300886;
300139 300472;
300142 300558;
300144 168600;
300145 300909;
300157 300387;
300160 300958;
300163 300695;300696;300717;300718;
300169 300614;300816;310490;
300170 300209;300424;300804;311200;
300172 300422;300749;
300180 302950;
300188 300895;305450;309520;
300189 300850;
300192 300813;
300193 300915;
300197 300972;
300199 300238;
300202 313400;
300203 300672;
300204 300928;
300205 300960;302960;
300206 300143;
300226 300066;
300231 300243;
300247 300510;
300248 300291;300301;300584;300636;300640;308300;
300256 300220;300438;
300264 300857;
300265 306955;314390;
300267 300436;
300269 300882;
300272 300863;
300275 300831;308050;
300278 310500;
300292 222100;304790;
300294 300918;308205;308800;
300298 300676;
300300 300755;307200;
300304 300354;
300307 302905;303400;
300311 309120;
300336 300425;300494;
300350 309300;
300356 304700;
300371 300100;
300377 300376;302045;310200;
300379 300978;
300382 300004;300215;300419;308350;309510;
300383 312060;
300384 310300;
300386 308230;
300390 303100;
300391 301200;
300392 300299;301000;313900;
300393 300943;
300394 302060;
300395 300957;
300398 300475;
300401 312080;312920;
300403 300952;
300414 301900;
300415 310400;
300427 300495;300497;
300429 300607;
300444 300306;
300451 305100;313500;
300457 302200;302350;
300460 300088;
300461 311250;
300463 309500;
300470 300971;
300473 300018;300200;
300474 307030;
300481 300645;306400;
300485 300166;
300490 308240;
300499 309549;
300502 312170;
300515 300514;
300521 300923;
300522 309530;
300524 300912;
300526 300894;
300535 300555;309000;
300538 300539;304800;
300546 305400;
300550 307800;
300552 300000;
300553 300659;
300556 300423;300911;
300560 300263;
300572 300985;
300576 300577;
300579 300434;
300603 300604;
300610 300986;
300611 300622;
300628 310700;
300629 304340;
300642 300643;
300644 301500;
300646 300799;
300647 300373;
300651 305600;
300658 305390;310600;
300697 300706;
300708 300707;
300715 300853;
300746 122700;300807;306900;
300747 308100;
300757 312600;
300774 300271;311510;
300776 300884;
300777 300872;
300798 306000;
300806 309548;
300808 300500;300814;
300821 303700;303800;
300822 303700;303900;
300823 309900;
300827 309630;
300828 300830;
300836 308700;
300838 300983;
300839 312700;
300841 306700;
300859 300963;
300885 300887;
300897 314580;
300906 300905;
300913 310440;
300945 300946;
300951 300953;
300964 309585;
300975 300984;
300980 300982;
301300 300751;300752;
301870 300106;
302910 300114;
303630 301050;
303631 300914;
304040 302800;
305371 190685;300367;300835;314050;
305900 134700;300908;611162;
305915 300699;
306250 300770;
308000 300322;300323;
308380 300400;312863;
308840 303350;304100;307000;
309060 300257;
309550 300623;300624;311360;
309850 300615;
311770 300818;300868;
311800 300653;
311850 300661;301835;304500;311070;
311870 300559;
312040 301220;
312173 300847;
312180 300860;
312610 300029;300455;300834;304020;
312820 300813;
312865 127300;249700;300582;
313430 300123;312000;
313440 300491;
313475 300802;
313650 300966;314250;
313700 176807;300068;300633;312300;313200;
314200 300932;
314310 300854;
314370 301830;
314375 300896;
314670 300087;
314690 300534;
314850 300842;
314990 300803;
314998 300498;
400005 415000;
400020 127300;249700;300582;
480000 400044;400045;
600003 611876;
600005 180300;209920;
600014 601358;
600016 612540;
600020 176807;
600024 169400;215140;613471;
600028 220600;
600031 614122;
600035 269160;
600037 610125;613986;
600040 114500;613065;
600044 187950;
600046 143890;205400;604091;
600053 216900;
600065 116920;
600073 222448;
600075 168600;607136;
600079 114500;
600104 616040;
600108 250400;602111;
600111 612656;
600112 158600;614228;614563;
600119 608099;
600124 615422;
600129 606799;614613;
600133 615235;
600140 180849;
600144 106190;
600147 214300;
600150 609446;
600160 155601;155755;606719;
600163 113900;272120;601144;601154;603829;603830;608567;614022;
600168 617075;
600170 607457;
600173 600802;
600179 204000;601777;
600185 114480;155255;176807;194070;605724;612555;613029;613347;
600194 146800;
600201 611742;
600206 615974;
600211 119600;156510;
600220 614468;614878;
600221 600195;
600225 128230;233910;
600228 264350;613021;
600229 616657;
600234 605911;
600235 604233;612838;615377;
600236 243605;
600244 126200;605218;
600259 276300;614337;
600266 607948;610446;
600271 613102;
600275 102500;610205;
600276 125310;130720;615293;
600279 614886;
600281 125850;125853;616026;
600286 616531;
600287 600794;601472;
600293 606703;
600294 616287;
600300 617105;
600301 610006;
600310 132400;177170;
600315 615593;
600322 616330;
600342 613769;
600354 253300;253400;253550;271150;
600359 241200;
600364 602093;
600370 610773;
600374 615982;
600397 616056;
600414 202370;214110;616716;
600415 277460;
600417 613162;
600423 145500;613870;
600429 110800;116700;
600442 600231;
600450 614279;
600451 614279;
600456 613886;
600463 615113;
600465 615493;
600470 616602;
600473 616158;
600478 614602;
600480 615314;
600483 612702;
600495 614251;
600502 604320;616155;
600509 125853;240800;256450;606176;610374;
600511 181500;
600514 257320;616436;
600515 609821;
600521 257920;
600523 206100;
600525 104510;190320;
600528 255120;
600529 250950;
600532 252010;
600533 182940;
600536 613204;
600542 612237;
600543 615515;
600548 182170;616854;
600555 613796;614162;614892;
600556 616636;
600558 612253;
600564 143890;
600565 614325;614332;
600570 607628;615651;
600571 616806;
600574 615670;616564;
600576 187500;607941;614429;614430;615542;
600577 221750;
600579 614196;
600582 601552;
600584 108900;187500;217095;225250;614432;614435;
600599 111150;613566;613673;
600617 201710;
600618 601626;616216;
600623 176807;
600632 167000;
600635 118700;188550;610978;
600644 225060;
600650 255110;600649;608836;614212;
600660 608320;
600662 613443;
600664 613630;
600675 114480;613972;
600678 276300;608089;614350;
600681 170390;609622;613980;
600682 245340;610021;616095;
600692 601680;
600698 150699;
600700 601626;
600701 125853;
600702 614306;614558;617080;
600709 617093;
600712 616580;
600713 614662;
600716 152700;180300;222100;
600722 256730;
600724 613767;
600725 142945;147250;269160;611638;
600726 112500;607778;
600733 125853;260370;606392;
600734 613485;613677;
600749 245480;
600754 277950;
600755 181500;
600759 606889;613697;
600760 177200;211400;264350;
600761 177200;264350;613071;
600770 178500;
600778 610755;
600783 614926;
600797 125853;
600799 178600;265450;
600804 125853;
600805 226650;226700;245660;
600810 614669;
600811 278740;
600814 604391;
600824 607482;612124;
600827 613093;
600829 258480;
600835 609423;
600836 115900;
600837 171300;209880;613711;
600838 601705;
600839 601678;
600842 613463;
600844 608224;
600845 609821;
600853 616116;
600855 614104;
600856 130650;614732;
600857 252011;256000;613642;614165;
600864 615224;
600871 607847;613107;
600877 614098;
600887 608089;617100;
600890 609015;609016;
600897 116200;
600898 615866;
600899 615966;
600900 604286;
600909 616509;
600917 125853;
600921 612961;
600922 613780;
600923 176200;
600924 613076;
600925 114500;
600928 617118;
600929 611544;
600936 114480;
600937 125853;601820;606176;610582;616329;
600939 614188;
600943 610504;613848;
600946 143890;262500;604271;
600956 261550;
600957 261550;
600958 115197;615396;
600963 610896;
600968 263800;
600970 606346;607821;
600980 241520;
600982 613762;
600983 177735;605115;
600985 606408;615963;
600993 139210;174900;175050;260350;
600997 603688;
600998 163000;185300;
601002 231900;266130;
601007 614963;
601011 108500;141500;183086;617106;
601012 614860;
601015 607625;
601017 612955;
601022 180300;
601023 167320;613954;616687;
601040 610762;
601047 606721;612526;615343;
601065 613287;616339;
601089 265380;
601090 601631;602482;
601093 600791;
601094 107250;610256;
601097 118220;118300;139393;145900;162500;180800;
601103 616166;
601105 265800;
601107 237500;
601119 614129;
601130 122700;
601134 615596;
601143 105400;168605;607641;
601145 254800;
601146 112600;113100;200700;201250;228900;610017;612400;615072;615298;
601147 118100;613094;613703;615360;
601150 613398;
601156 600807;609423;
601176 608446;
601181 608033;
601184 616192;
601190 610024;
601192 228980;
601194 613223;
601197 616188;
601199 145980;239200;601198;612899;
601205 605192;608389;
601215 210600;614564;
601231 616638;
601239 604169;
601240 612736;
601247 616559;
601248 255200;
601253 123320;192600;606072;607801;611818;614321;
601255 610357;614213;614255;
601259 616270;
601263 615280;
601265 270100;
601282 131950;226670;612138;613723;616487;
601284 600376;
601295 613291;
601296 208150;616325;
601299 174900;610069;
601309 109400;605462;610828;
601313 173900;
601314 137200;
601327 615378;
601330 614616;614665;
601336 606056;
601365 616331;
601368 616894;
601373 609532;610379;612522;
601385 611093;
601387 114480;
601395 609423;
601397 182940;615709;
601402 601626;
601405 167800;
601408 616268;
601411 601287;606685;
601421 613641;613916;
601424 245050;
601428 210710;616651;
601439 239850;608569;614050;
601440 615008;
601443 610687;
601445 252010;
601460 614441;
601465 251880;617068;617070;
601470 607339;609423;613784;
601479 614131;
601485 616172;
601487 125853;601665;604367;609338;
601488 613960;
601489 615961;
601498 614862;614863;616617;
601500 601707;605462;
601501 614203;
601515 609307;
601517 168600;183090;
601525 181500;611960;
601527 613456;
601528 615907;
601530 167250;616437;617145;
601538 262600;
601542 137600;180500;180550;604229;
601545 607432;
601548 126600;
601556 164400;
601564 167800;
601565 614893;614894;
601566 275355;
601567 227300;
601568 617008;
601570 228930;276820;
601573 277590;
601574 612237;
601592 208150;616326;
601593 114480;
601601 169100;617035;
601604 614891;
601607 162091;609322;614608;
601609 231530;609975;
601615 610921;
601617 136880;
601618 137940;607823;
601620 142900;
601621 181450;
601622 101400;123100;180750;
601623 105830;
601627 253400;
601639 615830;
601646 616355;
601652 137750;
601653 113650;166780;602588;
601656 187500;217095;600001;614474;614475;
601664 610359;
601683 616733;
601687 122100;
601688 119900;259100;
601689 615841;
601690 147050;600807;614278;
601691 153800;248200;601718;604116;
601692 121820;121900;122200;602082;607541;608470;608471;
601693 607447;
601697 617115;
601699 145500;
601717 613101;
601719 147891;
601724 125853;606394;
601728 153480;155600;158350;176807;275355;276950;605309;607174;608089;613028;
601731 608688;
601743 105250;
601749 138000;
601752 615683;
601756 211900;
601757 215100;614879;
601758 266510;614859;
601762 603909;605027;613659;
601763 114480;114550;211980;607271;
601767 176807;
601768 601626;
601769 166710;277440;
601771 231300;604229;
601785 212065;
601788 614160;
601789 614883;614885;
601791 614887;
601802 182230;
601806 223100;
601807 611543;
601810 615156;615807;
601814 154020;
601825 256000;
601837 254500;606593;
601843 274400;
601844 614491;
601860 233400;261515;
601861 209920;
601863 209920;
601865 609220;
601873 609195;
601881 611038;
601893 617061;
601896 614849;
601898 615925;
601900 611724;
601902 224690;
601903 612560;
601906 225300;617073;
601911 616788;
601912 613705;
601920 118450;187500;
601924 616414;
601925 615244;
601928 158000;
601949 607682;613855;
601962 604571;
601975 604536;
601978 605726;614373;
601982 144700;
602023 607364;613090;
602024 613090;
602026 266500;
602033 600348;
602044 601665;
602049 608203;
602053 176807;613659;
602054 187500;188400;192430;217095;
602063 606003;
602072 616039;
602090 601216;
602091 251750;613086;614819;
602104 118400;
602109 140600;607078;608728;
602113 147920;
602115 149730;180920;
602117 176270;
602119 615369;
602121 124900;616632;
602122 614675;
602125 220110;256000;
602129 609753;
602130 617111;
602136 214100;234580;601539;
602137 256000;
602141 256000;
602142 151600;
602146 262700;
602149 119800;186550;
602150 172800;608890;
602153 158000;
602167 608565;
602168 607596;
602170 153600;612260;
602183 613330;
602192 615537;615590;
602194 600142;610149;616779;
602195 606595;608634;
602201 247100;
602202 614507;
602207 614222;
602208 600791;612780;
602216 175200;260350;273300;
602218 107480;
602219 216820;
602225 120970;613829;
602228 125853;
602229 609136;611584;613266;
602232 121201;
602235 121200;613720;
602242 600740;
602243 179620;609057;
602244 614420;
602257 254900;
602272 610954;613267;
602275 613827;
602279 164300;
602280 600132;613843;
602286 607330;
602290 254110;615988;
602292 616277;
602296 612936;
602298 600882;
602302 146550;203655;209500;
602311 601665;
602322 127550;614743;
602334 615861;
602337 113000;268310;
602345 616410;
602346 616286;
602357 614493;
602358 161400;
602360 612718;
602365 170650;245000;245010;
602368 616204;
602376 610424;616669;
602377 616346;
602378 160150;606482;615368;
602389 610678;
602397 147480;211600;243300;
602402 153400;
602409 601626;
602412 610629;
602413 605373;606764;606864;
602421 167800;211400;219700;277180;
602427 122600;
602431 610878;
602432 137760;606657;613435;
602438 116800;
602441 607948;611162;614383;
602445 604218;
602457 613759;
602458 613589;
602460 602459;
602466 616818;
602498 604484;615658;
602529 611603;
602533 606324;
602536 600118;
602537 193235;
602544 167000;211980;600116;607572;
602568 236270;601634;
602569 127750;
602574 601543;603629;
602575 161200;
602576 609813;
602591 615411;
602593 146520;270300;
602600 608446;
602601 608446;
602606 601665;
602614 157800;617137;
602616 212066;
602617 241850;616534;
602623 608516;
602627 613805;
602630 142946;
602631 114480;211980;268210;
602635 615828;
602638 609981;
602642 259710;
602643 239000;
602656 616415;
602661 600638;614039;
602662 128101;612438;
602666 600316;
602667 251260;609135;613065;
602669 107250;610623;
602671 232220;232240;
602676 615665;
602686 176807;
602690 114900;168000;171300;252011;606864;615106;
602694 252010;256000;
602700 114500;613684;
602703 616212;
602713 612775;
602716 256300;
602727 166600;611490;
602730 613751;
602743 194200;261740;600858;
602744 222765;
602748 615269;
602753 602078;
602754 616689;
602759 176807;
602765 158000;
602767 602032;
602768 277300;
602769 615879;
602770 613080;
602773 144700;
602774 613390;613399;
602775 607721;
602780 615871;
602782 602782;
602783 607259;
602821 604187;
602839 615513;
602842 616835;
602851 604352;605472;
602855 608446;
602858 270400;
602859 614870;614871;
602860 114500;176430;257300;
602861 609040;
602867 614224;
602870 616151;
602876 251290;
602879 614257;
602880 187500;208530;217095;613854;
602900 242860;
602911 614256;
602926 612164;
602931 614823;
602932 612229;
602935 606581;
602937 614431;614433;
602938 607748;
602943 616622;
602954 614291;
602955 617126;
602956 614082;
602959 616393;616409;
602974 614411;
602978 615414;
602985 252010;
602991 184460;185800;186500;186570;611377;
602997 261100;
603005 612847;
603009 253601;254130;606768;
603013 181500;
603023 616873;
603024 614607;
603025 601626;
603026 181030;
603028 114500;246300;607948;
603029 609423;613002;
603031 601744;608556;615557;
603033 603034;
603044 601410;
603046 144700;
603051 600121;
603056 613800;
603057 601390;607829;
603060 611302;
603066 612394;
603072 114500;
603073 609637;
603084 615281;
603089 614327;
603094 111400;615021;
603100 608594;
603103 212070;
603109 613795;
603111 607174;616938;
603113 211980;
603122 616433;
603128 601665;
603136 614496;
603155 613611;
603157 603387;
603164 614882;
603175 181500;
603176 181500;
603178 614105;
603183 604805;
603196 601369;
603197 215470;245800;275400;612020;
603198 613327;
603200 209920;
603201 601847;605479;
603202 223000;
603206 181500;
603208 193230;614186;
603212 611597;
603213 603546;
603214 614857;
603220 615344;
603234 177850;264800;614473;
603236 614714;
603248 112600;609441;616849;
603254 613325;614609;
603258 615592;
603263 143860;
603273 103285;106260;129400;603543;604292;605289;
603276 145500;
603283 615441;
603286 614842;
603287 610090;
603288 217300;
603290 613436;
603295 615342;
603297 613091;
603301 610508;
603305 135500;611816;
603307 611391;
603313 613688;
603317 613391;
603324 133200;220290;612644;
603335 608644;
603339 611884;
603342 181500;
603345 604278;
603349 611783;
603356 616969;
603357 615598;
603360 614876;614877;
603368 616080;
603371 253310;611890;
603372 275200;603373;609152;
603377 212140;
603381 108720;108721;112310;150250;272460;
603384 612621;
603390 609161;614190;
603395 615505;
603400 208230;
603401 608233;
603409 614157;
603415 133020;243000;607208;613863;
603422 166710;
603424 612067;
603426 604348;
603427 616882;
603454 614499;
603465 617063;
603470 215700;
603474 105650;
603489 603932;
603490 158330;611812;
603491 149700;
603495 243060;
603499 174810;602080;612301;
603503 608799;
603504 616958;
603506 144750;166710;259770;601813;601884;607634;607636;
603507 610947;616724;
603517 137245;156240;605027;616098;
603518 604454;
603527 616901;
603531 609313;
603537 600101;
603539 615362;
603550 601316;605362;
603557 601382;
603560 615284;
603564 615042;
603576 613216;
603590 608840;613154;
603593 222700;
603594 608446;
603604 256600;610217;612953;
603605 260600;
603612 275355;
603615 114480;605027;
603617 613830;
603623 608323;
603632 613308;
603633 615909;
603634 612561;
603636 615885;
603639 614328;
603644 220110;
603646 256000;615119;
603647 124000;256000;262000;603358;
603650 615983;
603652 603965;
603658 612563;
603666 603233;
603667 612949;
603673 109400;155255;605462;
603680 608768;
603681 601071;
603685 606164;
603690 612539;614482;
603693 187500;610187;616067;
603694 125853;
603700 601367;
603701 613309;
603704 614900;
603707 252150;
603708 252160;
603711 270800;613812;
603714 157170;269160;
603716 146200;
603718 607626;
603722 223900;
603725 615270;
603727 615760;
603734 616532;
603741 242100;
603743 612551;
603756 138900;614490;
603767 204700;
603780 218600;266280;268400;
603785 615219;
603795 601098;
603796 611493;613693;
603799 143095;
603805 609796;
603810 613668;
603811 614008;
603816 114550;607864;
603824 269921;605820;
603826 617049;
603834 256000;
603835 256000;
603839 252010;
603846 252010;256000;
603848 252010;
603850 614388;
603851 209880;613013;
603856 615346;
603859 603471;605814;
603861 238970;
603867 614920;
603868 607624;
603883 612954;613881;
603892 610536;
603904 117300;176500;616079;
603918 145500;
603921 612073;
603924 188050;616535;
603930 615501;
603937 180100;
603941 249270;
603942 613507;616199;
603945 603896;
603946 616911;
603951 608622;
603959 248250;
603961 614897;
603967 168300;170500;608390;613345;614198;
603968 278750;
604001 611820;
604011 615518;
604025 114500;608615;
604027 614018;
604032 226980;
604040 613078;
604041 609180;
604043 615565;
604050 133239;211980;
604061 162100;
604063 191830;
604065 616795;
604067 608415;
604088 143890;
604095 129490;224900;612630;
604096 257270;
604103 159000;182920;609200;
604110 606854;615752;
604115 130650;
604123 616479;
604124 251255;606744;
604127 260660;
604134 274150;
604139 614881;
604142 221770;
604144 220100;
604149 159900;
604159 614618;
604161 176400;614837;
604167 615502;
604174 615550;
604175 612562;
604190 180300;
604194 608649;
604202 609528;
604210 172870;600105;613835;
604212 616353;616371;
604214 116860;
604217 265100;
604237 272430;
604241 607832;
604242 133239;
604258 114500;
604260 102578;245590;
604267 614976;
604270 212780;614305;616304;
604272 604377;608908;
604277 182601;
604283 208250;
604285 259900;
604289 114500;605027;
604294 614402;
604296 260000;
604297 615530;
604299 616511;
604305 123400;126200;212750;
604310 614171;
604312 105150;611953;
604313 230200;
604319 268130;613990;
604322 269920;604369;
604325 604326;
604327 130070;
604329 145500;
604332 601626;
604346 614202;
604349 614115;
604357 615877;
604365 603786;608051;612095;612657;
604366 244400;
604373 114480;176807;259500;609265;
604383 187900;
604384 169600;
604385 615548;615552;
604386 190350;190351;
604392 604393;
604395 114500;608089;614385;
604402 609056;
604404 258315;
604417 616368;
604418 129500;220290;612643;612645;
604427 615551;
604433 613119;
604455 268900;
604457 235550;607948;
604459 611064;
604473 614831;
604485 268100;611131;
604487 614945;
604488 601954;607487;
604489 214950;614307;
604490 270550;
604501 616866;617066;
604505 200600;
604515 613502;
604526 612572;
604539 225410;
604544 615300;617021;
604556 615812;
604557 614844;
604558 607594;
604566 603147;
604569 610042;612100;
604574 616981;
604577 616812;
604579 133780;
604580 219100;608895;614434;
604581 610246;614487;
604584 114500;114550;
604588 263520;
604590 152700;611162;
604592 259700;
604593 615282;
604594 615789;
604597 219000;
604605 608901;
604610 210900;
604611 277700;
604613 143400;
604614 201400;
604619 600512;
604624 613376;
604629 612529;
604630 601665;
604632 617054;
604633 614437;
604638 603278;
604641 125853;
604653 606069;
604672 607948;609423;614371;
604677 616351;
604685 612290;
604687 607277;
604694 115080;
604705 613862;
604710 613177;
604712 612075;613077;
604714 608800;
604720 604250;
604723 610505;
604741 235555;
604759 270960;
604766 600995;
604767 133239;
604773 611283;
604774 605019;
604775 615040;
604780 275630;
604799 616707;
604808 615271;
604819 615583;
604824 211900;
604831 193530;225500;
604834 616439;
604843 237450;
604846 614880;
604860 615468;
604862 613393;
604863 613341;
604867 103780;
604878 218000;
604882 610370;
604895 208550;
604896 236700;605231;
604900 615863;
604902 616202;
604907 240500;609529;
604912 615599;
604918 608027;
604927 604168;
604933 132600;608456;613659;
604934 241410;244460;
604943 613865;
604946 609423;
604961 610475;
604965 614868;
604973 613860;
604975 616803;
604982 203300;
604983 610131;
604985 600224;615386;
604990 612287;
605000 615401;
605010 147050;256500;
605014 603552;
605018 132700;601606;605041;
605020 148300;614195;
605025 614748;
605031 616171;
605042 614249;
605047 616345;
605073 253250;
605078 612069;
605080 248200;262300;
605082 211980;
605083 165720;
605084 615673;
605086 221770;
605093 133100;187950;254450;
605100 114480;
605101 614980;
605102 613791;
605109 617011;
605111 610419;
605113 238700;268700;
605120 615506;
605124 270420;
605131 133239;614322;616211;
605145 118600;123000;
605158 269400;
605178 616726;
605185 616589;
605194 605376;
605195 608681;
605197 236800;
605202 610442;
605204 128100;
605205 143870;
605206 163800;613123;
605207 614416;
605210 181500;604906;
605219 614152;
605226 616975;
605232 201300;614492;
605235 614937;
605236 614595;
605237 616413;
605238 600807;616739;
605239 602722;
605242 276904;602092;
605248 252650;
605254 142690;
605257 605258;
605262 601455;
605266 607831;
605267 613873;
605268 606438;
605270 252900;
605283 615547;
605284 191100;606690;
605286 601283;
605290 125250;165500;210000;606657;616896;
605294 217800;
605313 274000;
605317 602081;
605325 145500;
605336 235400;603075;
605347 180300;
605353 601665;
605363 603513;
605367 614731;615440;
605370 607785;
605371 608097;
605377 160900;
605378 231550;
605379 256850;
605380 193100;211900;
605383 147050;615207;
605384 615767;
605391 188470;
605411 607346;616399;
605414 608907;
605420 609597;613451;615529;
605423 233420;607080;
605425 133200;
605427 113500;156530;168400;181405;184095;184252;600175;606071;606835;613508;
605437 601367;
605441 612556;
605446 608194;613826;
605452 111600;609153;614497;615402;
605459 210250;
605460 210250;611465;
605461 613953;
605481 608716;
605483 612444;
605490 600373;
605495 237450;
605497 610682;
605507 614204;
605511 601072;
605512 133190;600110;614457;
605514 601067;602083;609533;
605515 613670;
605516 601067;601386;
605517 615287;
605518 268200;
605519 609628;
605522 135750;174500;186200;188740;200500;
605525 613804;
605537 616517;
605546 614201;
605554 180300;
605555 102200;219090;600634;
605557 615373;
605558 615721;
605564 609439;614869;
605565 125853;
605566 181500;
605573 264300;
605577 615888;
605579 614680;
605590 614286;
605593 154400;
605597 110100;608996;
605602 613838;
605608 614035;
605610 613402;616267;
605616 138500;242600;
605629 617090;
605632 615553;
605634 603585;
605646 274600;600791;
605648 260300;
605654 615471;
605692 105500;
605704 182980;608627;
605705 616341;
605706 263650;
605712 162400;
605713 613640;
605725 145900;614895;
605739 617114;
605740 122860;239100;269500;
605742 613180;
605747 603813;
605748 115300;
605755 610212;616217;
605764 616949;
605775 614495;
605789 616734;
605799 261100;
605802 235730;
605810 611719;
605815 271930;
605828 226400;
605829 226400;
605837 227220;615516;
605849 605850;
605862 615041;
605870 615268;
605874 612292;
605880 603736;606170;
605881 266265;
605882 114480;609054;
605896 615065;
605906 601493;609452;
605907 608540;
605908 604004;
605910 615881;
605921 160565;185070;612783;
605925 210720;
605942 615539;
605947 280000;
605950 615222;
605951 612937;
605956 186580;266600;607507;609464;
605958 616777;
605978 200150;
605981 243800;
605983 616362;
605988 602450;603554;
605993 608782;
605995 118210;171300;256700;
605998 610738;
606000 612387;
606014 136760;
606019 616081;
606025 259050;
606034 610333;
606036 615926;
606037 211750;
606045 218330;
606061 611363;
606062 610759;
606075 271245;609286;616138;
606097 614080;
606100 125630;
606102 611369;
606118 614072;
606119 248300;
606142 612076;
606144 201000;
606145 208050;
606151 615981;616562;
606152 607483;
606153 614053;
606157 234200;607236;
606158 269700;270685;600794;615924;
606195 611174;
606200 612975;
606201 116400;125853;222300;600965;614296;
606202 227240;606574;
606210 255310;602771;
606224 266120;
606227 609549;611040;
606230 606232;613950;
606236 606243;
606241 138800;180295;601200;
606247 614261;
606252 607948;610799;611162;614382;
606264 613108;614079;
606268 150400;224750;257980;
606269 613494;
606271 181500;
606272 219750;219800;219900;
606273 603896;
606326 212550;
606347 604416;
606350 208920;
606351 609006;
606352 205100;606353;607225;
606368 144650;145750;
606370 614458;
606373 616193;
606374 245600;
606389 612997;
606397 276902;614180;
606409 613385;
606410 230740;602089;
606412 602522;
606416 120100;191900;607115;
606417 614858;
606418 602398;
606419 600138;
606421 606893;
606425 609070;609820;
606439 182600;613708;
606440 603720;
606441 610297;
606453 614700;
606454 603896;
606462 614701;
606463 127750;168600;230800;230900;231000;231005;608013;
606464 613313;
606470 613987;
606471 224230;
606475 613646;
606476 611775;
606478 615848;616568;
606480 275210;608612;
606489 614678;
606494 611090;615006;
606496 613956;
606518 147050;
606521 607196;613710;
606522 613702;613703;613704;
606523 188470;
606526 609227;
606530 213700;
606531 600807;
606540 251850;
606551 133239;
606557 617101;
606566 192600;
606568 615994;
606570 265900;
606580 165300;258501;
606585 104500;204650;
606596 606612;607155;613153;
606597 122880;148820;193500;268220;
606598 214400;607706;607831;608340;
606603 614940;614941;
606608 120433;
606609 152700;192315;225750;610448;
606622 242900;
606628 606664;
606629 603649;
606633 613849;
606635 226200;
606636 606579;615225;
606639 609060;
606666 615311;
606672 153670;177820;231200;258660;
606673 613161;
606681 117550;130650;601626;
606682 614073;
606686 603896;
606687 603896;
606694 615770;
606702 263200;
606706 600974;606705;
606709 249500;
606718 222600;226900;256050;600972;
606725 204300;601780;
606726 616645;616685;
606731 616340;
606742 613087;
606754 612952;614415;
606759 607200;
606761 248360;
606765 274500;
606781 617044;
606797 602400;
606800 232300;
606806 229100;
606807 615267;
606808 607101;
606810 239500;600850;
606811 239510;
606821 613612;
606822 253280;613151;613157;617123;
606829 229300;
606831 616050;616115;
606837 114480;
606844 203800;
606847 154500;
606857 230450;608446;
606860 106100;120790;
606869 272800;
606871 613730;
606873 268800;
606879 256520;601815;
606882 277900;
606883 607676;610799;
606885 201470;
606887 272300;
606890 245200;
606897 214500;
606919 616230;
606933 103470;203100;601800;606952;
606934 252010;
606936 604559;
606938 263700;
606939 124480;616455;
606940 178300;
606941 263210;608776;
606945 143890;
606951 182250;615846;
606953 230350;
606967 136120;245900;
606973 611209;
606976 613489;
606977 614576;615328;
606978 608779;
606979 611182;
606980 612016;
606985 617141;
606989 104300;254600;
606999 230400;
607001 610253;
607002 610628;
607008 201450;
607009 602014;
607031 614462;
607035 109400;155255;607174;
607036 243500;
607037 615605;
607038 607039;
607040 117800;
607042 204200;
607043 614070;615527;
607047 109150;
607056 613581;616152;
607059 201100;
607063 259450;610968;
607066 614594;616400;
607070 615444;
607071 601492;
607072 617116;
607083 601626;
607093 181500;188050;236250;601634;
607096 220150;
607100 256100;266900;609583;
607102 136680;156240;194070;194080;256370;608978;
607108 106210;120200;120430;136520;148190;165550;604229;
607111 275900;
607117 251200;
607118 614582;
607120 613722;
607123 244200;
607137 609115;
607139 227650;
607144 607143;
607145 614076;
607170 606217;
607182 610019;
607186 616294;
607194 609069;615935;
607198 607250;
607199 119300;119500;608864;
607206 606545;
607207 615768;
607210 615206;616452;
607211 173200;602723;
607212 212050;
607213 613803;
607215 606966;606996;
607218 612245;612251;
607223 125400;
607237 600971;
607243 614067;
607244 184450;613744;
607245 614066;
607246 617050;
607252 181500;
607254 181500;
607261 193530;225500;
607270 615834;
607273 114500;135150;144700;173600;
607292 610282;610283;
607293 616042;
607295 616549;
607300 600059;
607301 601414;
607306 264600;
607311 264080;
607314 614899;
607329 145500;
607331 180104;
607340 188890;
607343 147750;607323;
607358 240300;
607365 604379;
607379 101000;162091;607174;
607380 616629;
607386 615630;616394;
607393 145000;145001;608266;
607397 202200;
607402 609532;
607408 181500;
607421 610852;
607423 236670;609308;613155;
607429 614651;
607439 613150;613156;613158;
607440 253800;611588;611615;613152;
607444 260400;609135;
607461 223800;607326;
607462 125370;
607465 224120;
607468 616939;
607474 203500;
607478 608516;613003;
607479 605389;
607481 251100;
607491 615327;
607492 615009;
607511 613195;
607512 615458;
607521 614074;
607522 614075;
607542 192500;220400;607554;609621;
607544 220111;
607545 616834;
607556 200110;209885;227260;
607557 605583;
607562 605606;612261;
607566 254780;
607568 251110;
607574 250100;
607575 182410;615688;
607585 114480;208900;
607590 615984;
607592 176807;
607601 614850;
607604 610356;
607606 144200;
607608 257200;607616;
607617 616730;
607622 175800;
607623 257220;
607632 613736;
607633 278300;
607640 164500;
607642 182290;
607643 607921;
607649 259720;
607657 219500;
607664 252940;
607667 615616;
607669 615685;
607672 610313;
607690 246700;
607693 609698;
607696 606943;
607697 604563;
607701 615731;
607704 612900;
607709 607748;615878;
607751 171200;
607752 615872;
607759 187800;273800;
607761 612581;
607764 607765;
607776 613406;
607786 603776;
607788 613625;
607795 615922;
607796 147050;600807;
607800 242500;601277;
607803 613882;616418;
607805 217080;
607809 203750;
607814 608415;
607817 216550;
607818 605990;
607830 219000;
607837 600143;610003;
607838 252605;
607839 232500;263570;
607840 252500;252600;
607844 155950;166700;
607849 616108;
607854 153700;193220;611809;613194;
607867 103780;
607878 614736;
607882 614707;
607883 615026;
607892 607903;
607900 173650;
607901 612840;
607904 611942;617027;
607905 607906;616228;
607908 616827;
607922 111400;
607928 607084;611383;
607929 603284;
607939 272200;
607951 614114;
607961 614745;
607968 615986;
607976 612714;
607982 616719;
607983 231070;
607984 615266;
607998 204500;609270;
608002 208540;267010;604387;
608005 248800;
608014 158590;608673;
608025 614800;616483;
608034 271900;
608036 125853;
608040 617119;
608041 228600;
608047 244450;
608053 231680;
608059 613686;
608072 254780;
608078 181500;
608083 207750;
608092 606856;
608100 605711;
608102 256731;
608103 608104;
608107 134610;249100;
608109 600462;
608111 614083;
608124 264800;615777;
608125 264800;605822;
608132 613464;615985;
608135 603932;607850;
608136 608236;
608137 614838;
608145 600363;
608148 612313;
608151 614376;614377;614378;616307;
608160 114290;
608166 214800;
608167 614959;615005;
608170 616871;
608171 610478;
608172 613861;
608177 133700;215300;
608179 601238;
608181 248900;
608183 605282;
608187 612885;
608201 604804;
608204 610551;
608206 601596;613353;
608210 133701;616682;
608212 607948;612278;
608214 613120;
608221 188000;
608222 103050;
608226 615413;
608241 614501;
608245 615896;
608248 194300;613981;614929;
608256 611819;
608272 256550;
608283 135700;
608289 125853;
608296 617107;
608300 237310;
608305 615905;
608307 237300;615371;
608309 605909;
608310 207900;
608313 207800;
608317 606713;
608331 138500;242600;
608347 260800;
608348 248600;
608360 613506;
608374 602390;
608375 615528;
608381 608380;
608396 613410;
608400 276901;613809;
608414 610725;
608416 616749;
608419 251120;
608428 614974;
608429 601776;
608433 612337;
608441 610743;612998;
608442 612999;
608451 602473;
608455 232600;
608461 615155;
608465 602433;606002;
608480 606766;
608488 206920;
608489 615723;
608500 612437;
608507 601152;609260;617087;
608508 233690;
608512 233700;
608515 233710;
608517 615248;
608520 608516;
608533 615575;
608536 616198;
608537 144700;171300;193300;263400;
608539 611498;
608543 181500;
608546 268305;
608547 122700;607473;
608548 603075;
608549 616683;
608552 208085;
608568 600652;614369;
608576 608641;616029;
608581 613587;
608593 614809;
608595 608584;
608605 615597;
608614 210370;
608625 616263;
608626 611087;
608628 602342;616944;
608630 607313;
608648 617004;
608656 176807;
608658 176807;
608662 166260;611307;613319;
608663 262890;
608665 614324;
608666 614872;614873;
608667 122470;
608668 616083;
608677 615092;
608684 614851;
608691 608516;
608697 612310;
608699 608022;
608700 608553;
608706 127700;615482;
608707 614226;
608713 600081;
608730 615946;
608732 616721;
608735 612350;
608736 617013;
608742 145500;
608750 601110;
608752 605670;
608753 612389;
608754 612390;
608755 225753;277470;610204;
608756 617026;
608757 615803;
608761 158580;617143;
608769 245349;
608770 245348;
608771 608808;616789;
608778 615081;
608780 616395;
608786 266150;
608792 601869;
608798 600994;
608801 231670;
608803 608804;613206;613480;
608815 254770;607631;
608829 600320;
608830 612712;
608833 615190;616373;
608845 209900;600151;613575;
608846 616282;
608869 615112;
608879 616840;
608886 601665;
608892 214800;612370;
608893 138500;234500;242600;
608894 608629;
608896 253700;
608897 608898;
608903 143465;
608904 143465;
608905 143465;
608906 143465;
608918 604273;
608921 600977;
608922 612291;
608944 248450;608980;614485;
608945 219000;
608958 102700;
608965 610427;
608968 166300;617041;
608977 610198;
608990 277600;
609007 607060;
609010 210200;
609014 210210;
609017 111620;111750;
609018 253270;
609019 253260;
609023 118800;
609025 612318;
609044 607514;
609058 251000;
609059 610717;
609062 601583;
609063 616811;
609102 615979;
609118 603285;
609132 616728;
609139 610250;614751;
609144 609033;
609168 616201;
609173 604321;
609186 600721;
609187 231690;
609188 234050;
609196 607398;
609204 610498;
609213 617056;
609237 609254;
609239 278150;
609245 604213;
609252 145750;
609262 607417;
609269 600202;
609275 212720;614225;
609279 608393;613676;
609280 234810;
609291 611431;
609299 176807;
609300 202110;
609302 609304;
609309 120435;158320;276300;
609312 223360;
609314 615481;
609321 616402;
609332 243150;
609342 261000;
609347 615625;
609353 268300;269000;
609367 609460;
609369 615632;
609377 616553;
609382 614231;
609383 612281;
609390 216340;611228;612577;612691;
609397 609404;
609412 216400;614621;
609413 133540;211980;214150;278800;600630;613761;616946;
609414 121850;
609415 614326;
609427 610265;
609435 607464;
609449 605013;614019;
609457 235800;
609458 248500;
609471 614409;
609479 616890;
609489 248510;
609502 613660;
609506 264700;
609507 609923;
609510 613955;
609512 600795;614696;
609520 602629;
609523 270200;
609552 616887;
609558 176807;
609562 614417;614418;
609575 201475;
609577 273750;
609584 236792;
609588 616859;616860;
609591 615355;
609595 610644;
609607 613573;
609610 616335;
609617 608118;
609631 616298;
609648 611762;
609653 252010;256000;
609661 231090;
609669 609887;
609671 615234;
609678 137580;613229;
609681 221200;
609695 140350;276710;
609701 252920;616491;
609708 144250;238600;
609712 102900;266200;
609720 219730;616220;
609728 611390;616430;
609736 260565;
609739 609646;
609751 264470;
609761 609823;
609762 614077;
609797 615290;
609798 614262;617022;617025;
609799 613824;615415;
609802 113750;
609806 176000;
609825 146500;607426;
609826 241530;
609831 277400;
609840 210750;615887;
609842 616460;
609845 222900;
609855 615643;
609856 102530;
609862 206200;
609863 614173;
609868 604232;
609875 221900;
609883 249000;615990;617121;
609884 216360;607361;610688;613550;615991;
609891 616566;
609922 611868;
609927 614898;
609937 616910;
609948 212840;
610004 616219;
610005 617028;
610032 608423;
610035 615285;
610036 248190;
610045 271980;
610053 251270;
610055 608443;
610057 614020;
610060 248390;616494;
610062 614017;
610079 613551;
610083 615145;
610084 616736;
610098 616185;
610110 615034;
610113 225100;225200;
610130 167030;
610132 182940;600145;
610142 610188;610189;611134;611755;615991;
610148 615987;
610150 256840;
610162 209900;
610178 616490;616546;
610190 616265;
610192 610199;
610194 615181;
610197 605589;616449;
610206 217400;217700;613268;
610219 610220;
610222 613075;
610226 610227;
610230 580000;613070;
610243 610244;
610261 145500;
610262 145500;
610263 617091;
610272 615398;615399;
610273 610293;
610274 239300;
610275 616025;
610277 612782;615883;
610284 616299;
610285 208150;254300;
610290 608812;
610299 616269;
610308 261540;
610316 614932;614934;
610326 610181;
610330 610329;
610339 610915;
610341 614292;
610345 212350;614691;
610350 614340;
610355 114480;610832;613348;
610362 610381;613757;
610389 610798;
610432 616260;
610436 614833;
610453 252930;616544;
610456 610455;617053;
610463 617082;
610502 616732;
610511 607812;
610512 224100;616858;
610513 606693;
610516 220120;
610523 614464;
610528 615032;
610531 610532;
610533 615602;
610534 616459;
610538 616435;
610540 603233;
610550 250850;
610552 617132;617133;
610564 614652;
610565 616059;
610568 616833;
610572 610153;
610573 206800;
610595 255100;
610598 610599;
610613 103900;202010;
610619 234000;610618;
610622 182940;
610635 614266;
610647 614063;
610652 616921;616922;
610657 220210;603563;
610661 615273;
610662 616809;
610670 615030;
610681 232800;
610683 615989;
610690 250620;
610693 236680;
610745 601186;
610746 610768;
610767 611081;
610804 269250;
610812 608647;
610815 616839;
610819 205950;
610826 616505;
610827 615095;
610844 602099;604360;616668;
610855 188000;
610860 232400;
610863 615185;
610865 225790;
610876 616756;
610897 605387;
610911 100300;
610916 611091;
610924 615895;
610925 616445;
610928 613674;
610931 608175;
610933 614436;
610934 611548;
610936 610992;616038;
610937 216360;611560;611561;
610942 616722;
610949 614229;
610956 611105;
610957 613561;
610966 612460;612938;
610982 613237;614455;
610991 612921;
611023 616539;
611026 612319;
611034 612671;
611037 616794;
611045 612541;
611051 607453;
611060 269150;616078;
611061 259775;
611062 204690;
611065 615135;
611082 608446;
611088 615504;
611089 160150;
611101 611067;615376;
611103 611126;
611104 609311;
611119 612943;617055;
611124 610951;616170;
611140 616954;
611145 125853;
611146 613280;
611150 603516;
611153 278700;
611170 159550;
611177 611263;
611184 194380;616843;
611192 148050;
611203 162350;
611204 236600;616053;
611220 616279;
611223 615937;
611224 245400;
611236 615066;
611254 200990;607131;614120;
611258 613887;
611259 125853;
611279 616258;
611290 611291;
611313 613778;
611317 615217;
611332 603511;
611358 614192;
611360 609053;
611379 136630;
611386 615873;
611408 604537;
611409 203200;227220;
611410 616515;
611414 613875;
611421 136140;
611423 614673;
611432 243700;
611448 107600;
611458 230500;230600;230650;253010;
611466 611497;
611472 156200;
611482 142669;
611486 616947;616950;
611492 259730;
611495 604777;
611499 253220;
611501 614756;
611507 604928;
611524 611523;
611531 211180;
611539 607836;
611542 253200;
611549 615419;616266;
611550 609148;
611562 614822;
611570 229700;
611592 614946;617046;
611595 608572;
611604 615681;
611605 611225;
611606 613074;
611623 615833;
611632 121800;
611642 613925;613926;
611647 617020;
611654 615636;
611655 615802;
611663 615663;
611672 229050;
611687 614293;
611693 615237;
611695 604432;
611715 612379;612713;
611716 219200;278250;
611725 611726;
611729 609541;
611731 114500;114550;135290;175100;613659;
611738 166710;
611739 166710;
611761 246650;
611766 614947;
611770 217095;
611776 252010;
611778 611777;
611801 615716;
611805 615957;
611849 615395;
611888 600775;
611893 616763;
611908 612015;
611910 612018;
611911 255125;
611927 130900;
611935 277410;
611951 614175;
611966 613192;
612003 607688;
612012 270700;
612013 216360;612284;612285;
612014 613819;613820;
612025 274800;
612026 615071;
612035 614096;615889;
612041 612042;
612048 604400;614302;
612051 117210;
612074 612079;
612078 229200;
612080 615159;
612105 615107;
612107 616063;
612120 615238;
612121 615024;
612123 251950;
612163 612267;
612169 188030;
612182 243400;
612186 616113;
612192 601410;
612222 253000;
612243 616503;
612268 615860;
612277 231050;
612280 230000;
612283 176860;612304;
612298 617142;
612309 188055;227400;600880;601367;614389;
612315 615735;
612322 220110;
612325 612651;
612349 261600;
612358 228960;
612360 252010;
612373 602782;
612374 615934;
612386 177000;
612392 256000;
612395 602541;
612399 616814;
612411 615546;616006;
612414 611451;
612418 614052;
612424 602772;
612452 610443;
612453 614399;
612465 616087;
612482 617108;
612498 617030;
612502 265050;
612515 241080;
612517 612518;
612570 121050;616118;
612625 277380;
612636 616801;
612638 252010;
612641 182900;
612647 612649;
612648 612650;
612655 248000;
612659 615710;
612661 613988;
612666 610805;
612676 261630;
612688 611943;
612719 261640;
612724 229600;
612732 121300;
612753 235510;
612757 615947;
612758 616897;
612761 136000;
612772 274900;
612773 111200;247420;
612778 616831;
612779 274270;
612792 151050;
612799 614924;
612800 616672;
612801 616007;
612802 615917;
612803 616239;
612804 613845;
612805 615918;
612837 614654;
612839 614286;
612848 252011;
612850 610031;
612866 616227;
612878 615028;
612898 616276;
612901 613112;
612907 616084;616959;
612911 252010;
612920 614861;
612931 261670;
612944 612951;
612958 220110;
612971 276901;605472;
612988 612989;
612990 605039;614286;
612994 615374;
613004 143100;
613009 613811;
613012 276880;
613018 276600;
613019 601650;
613022 203740;
613036 213200;
613037 213300;610156;
613072 613079;
613084 616521;
613109 272750;
613111 256540;
613113 162200;162210;193520;601321;607785;
613114 613115;
613121 613122;613876;
613129 612199;
613138 613310;
613146 614303;
613160 193400;277480;613554;
613165 251450;
613168 262850;
613169 236000;
613171 613172;
613176 616920;
613183 614299;
613190 613193;
613208 278720;
613213 250800;
613214 613211;
613218 250790;
613228 208400;
613230 170100;
613236 613239;
613257 616817;
613274 603592;
613276 604173;
613277 603194;608091;
613278 613951;
613279 617125;
613283 613285;
613289 608768;
613293 249420;
613301 616030;
613311 615595;
613326 222748;
613349 258870;
613350 211500;211530;
613354 613307;
613360 616502;
613363 615633;
613381 236200;
613386 601952;
613401 613404;
613403 171300;
613405 613418;
613420 181270;
613425 613428;
613441 275350;
613446 616300;
613468 159950;228000;
613469 236730;
613497 278000;
613516 615705;
613521 176100;
613522 190900;
613524 613615;615993;
613529 613823;614852;
613534 614817;
613541 613559;615035;
613553 613159;
613577 220500;605021;614617;615338;616044;
613580 217085;615992;
613583 604317;
613596 606068;
613597 613616;
613598 613617;
613599 612674;
613602 613610;614091;
613605 615995;
613609 104300;176100;176200;235200;612635;614193;
613619 600920;
613621 252010;
613622 252010;256000;
613629 108145;114300;248700;
613653 613647;
613655 613656;
613665 110700;611162;611862;
613666 613661;
613667 613671;
613669 613672;
613698 212138;
613715 613717;
613719 613718;
613726 613728;
613727 609273;
613733 131100;
613734 616828;
613741 232700;
613742 232200;
613768 607151;
613785 216950;
613798 613807;
613799 613808;
613814 615157;
613815 201910;
613846 613885;616654;
613847 258860;614815;
613858 613517;
613868 111000;
613871 276700;
613872 227600;
613878 227500;608446;
613879 275120;
613883 110900;
613890 201810;
613891 258900;
613893 613958;
613896 222800;
613897 603467;
613898 246450;
613899 227645;
613900 613908;
613915 616248;
613920 616500;
613924 613943;
613927 217000;615489;
613932 616117;
613940 616577;
613976 600901;
613979 613983;
613984 227646;
614010 614078;
614041 109800;180200;182280;259500;
614058 229800;
614064 614069;
614068 614099;
614088 111250;
614095 261650;
614123 213980;
614138 615356;
614140 145410;600251;
614141 615490;
614144 614209;617120;
614145 614205;
614154 614153;
614159 614167;
614161 614170;
614168 261680;
614169 139090;
614184 267000;
614191 604364;
614194 614219;
614215 614266;616867;
614218 610185;
614232 218030;
614243 260005;
614245 614265;
614258 607694;
614260 105550;
614283 614400;
614295 601331;
614297 614298;615043;
614312 615842;
614336 613320;
614351 616892;
614352 616893;
614366 614381;
614386 128200;602066;605751;
614397 616486;
614404 148500;
614423 614424;
614426 615541;
614427 607842;
614459 614465;
614461 615824;
614477 614500;
614478 220110;
614505 614557;
614506 614498;
614512 617072;
614515 614565;
614518 614672;
614530 256000;
614537 615179;
614556 135900;
614566 606763;
614567 609129;
614571 277170;614615;
614574 226750;
614589 222470;
614591 614614;
614603 609340;
614610 616099;
614620 266920;
614631 614643;616052;
614632 614640;
614647 614650;
614649 608984;
614666 614807;
614667 614702;
614677 614679;
614683 615011;
614698 220110;
614724 614728;
614725 614739;
614726 614727;
614730 614749;
614738 614741;
614757 610967;
614759 614779;
614770 220110;
614772 616501;
614780 615085;
614783 614813;
614784 615973;
614785 617086;
614787 616364;
614789 615297;
614828 614830;
614829 614832;
614848 614845;
614864 614874;
614884 616948;
614888 148600;
614901 614923;
614908 616881;
614917 614922;
614925 614944;
614930 614935;
614949 614970;615397;
614958 616913;
614982 158901;
614984 204750;615025;
614998 615074;
615000 615031;
615003 615033;
615004 615058;
615016 615082;
615038 615067;
615049 616708;
615054 603383;
615068 242840;
615076 615084;
615101 615763;
615115 615485;
615140 218340;
615187 614207;
615242 615264;
615247 615249;616094;
615262 615942;
615276 615023;
615288 615294;
615291 271640;615349;
615292 127000;602361;
615302 615286;
615316 615330;616451;
615317 616370;
615320 615350;615351;615352;
615340 615348;
615370 615382;
615403 613680;
615404 615432;
615407 615434;
615408 615451;
615410 615457;
615416 607539;609432;
615421 615420;
615423 616974;
615427 615429;
615462 615503;
615463 615476;
615464 174300;
615487 615487;
615494 615500;
615495 615510;
615496 615523;
615521 255995;
615532 615544;
615533 252010;
615535 615540;
615538 615538;
615549 615954;
615564 615578;
615567 615573;
615584 615704;
615585 609218;
615586 615703;
615618 615696;
615620 615637;
615626 615631;
615667 615715;
615684 615724;
615712 617099;
615720 615725;
615730 615859;
615743 615761;
615748 615817;
615757 615780;
615762 615837;
615781 616106;
615787 616034;
615790 615829;
615792 616903;
615820 610100;
615831 615838;
615847 615862;
615850 615851;
615870 615996;
615876 616481;
615900 617023;
615903 615048;615911;616209;
615944 615948;
615949 615972;
615950 615959;
615951 603671;
615956 616037;
616003 220110;
616012 616022;
616013 616033;
616027 616032;
616062 616681;
616086 616200;
616097 616111;
616101 607454;
616105 616354;
616107 616154;
616112 616165;
616120 616127;
616144 251300;
616146 616145;
616174 272440;
616186 130650;
616244 616710;
616254 616271;
616283 617051;
616305 616819;
616312 212500;
616327 616579;
616386 616398;
616404 616462;
616406 616420;
616441 122000;
616454 616468;616469;
616458 616488;
616585 616723;
616639 616640;
616646 616760;
616650 616784;
616655 616851;
616661 616688;
616663 614561;
616690 616781;
616735 616816;
616768 616780;
616815 616829;
616830 616878;
616842 136550;
616846 616875;
616899 616900;
616902 616902;
616918 616917;
616982 617039;
617048 617052;
617064 617065;
617083 617088;
617094 617102;
617095 617092;
617112 617127;
