MIM Orpha;
100050 915;
100070 86;
100100 2970;
100300 974;
100800 15;
101000 637;
101200 87;
101400 794;
101600 710;
101800 280651;950;
101805 1786;
101850 38;
101900 79151;
102150 965;
102200 314777;96256;963;99725;
102370 969;
102400 955;
102500 955;
102510 957;
102520 971;
102530 171709;399808;
102650 294990;973;
102660 55881;
102700 277;
102800 1044;
103050 46;
103100 454718;
103200 36397;
103230 85138;
103285 978;
103300 989;
103420 91416;
103470 352740;
103500 42665;
103580 79443;
103900 403;
103920 1164;
104000 700;701;
104100 1010;
104130 1008;
104200 63;88918;
104290 2131;
104300 1020;
104310 1020;
104500 100031;88661;
104510 100034;88661;
104530 100031;88661;
104570 1028;
105120 85448;
105150 100008;85458;
105200 85450;
105210 85447;85451;
105250 353220;
105400 803;
105500 90020;
105550 275872;
105600 98870;
105650 124;
105800 231160;
105805 99092;
105830 72;
105835 63442;
106050 95429;
106070 1062;
106100 100050;100051;91378;
106210 250923;
106220 1069;
106250 1072;
106260 1071;
106400 2206;
106600 99798;
106700 99125;
106750 69125;
106995 1487;
107000 79143;90390;
107100 557;
107200 88620;
107250 88632;
107480 857;
107500 1110;
107600 1114;
107970 217656;3403;
108010 46724;
108120 1146;
108145 1154;
108200 1144;
108300 828;90653;
108420 399805;
108500 97;
108600 251282;
108650 1182;
108720 1190;
108721 56305;
108760 141074;
108770 1344;
108800 1478;
108900 1479;
108950 844;
108985 86813;
109000 114;
109150 98757;
109300 1228;
109400 377;
109500 2285;
109543 67038;
109650 117;
109720 186;
109730 402075;
109740 2695;
109900 1253;
110050 1252;
110100 126;
110150 1259;
112200 1059;
112240 2050;
112250 85182;
112300 1262;
112310 1263;
112350 3344;
112410 1276;
112430 2946;
112440 93395;
112450 1278;
112500 93388;
112600 93396;
112800 93394;
112910 93382;
113000 93383;
113100 93384;
113300 93387;
113310 1118;
113400 1246;
113450 3168;
113477 1292;
113480 1295;
113500 93304;
113600 141022;
113620 1297;
113650 107;
113670 180176;
113700 180188;
113750 370097;
113800 312;
113900 871;
113970 543;
114000 1310;
114030 2678;
114100 51;
114140 79141;
114150 1319;
114200 295016;
114290 140;
114300 376;
114480 227535;
114550 449;88673;
114580 1334;
114620 363705;
114900 100093;
115080 871;
115150 1340;
115200 300751;
115210 75249;
115250 53296;
115300 199285;
115310 29072;
115470 195;
115645 1373;
115650 91492;
115660 91492;98989;98992;
115665 91492;
115700 1377;91492;
115800 91492;98990;98992;
115900 91492;
116100 91492;
116200 1377;91492;
116300 91492;98984;98992;
116400 91492;98991;98992;98995;
116600 91492;
116700 91492;
116800 91492;
116860 221061;
116920 2968;99842;
117000 178145;597;598;
117100 1945;
117210 217012;
117300 439254;97346;
117360 208513;
117550 821;
117600 2030;
117650 1393;
118100 2345;
118200 101082;
118210 99946;
118220 101081;
118300 90658;
118330 1221;
118400 184;
118420 268882;
118450 261600;261619;52;
118600 1416;
118650 79344;
118651 79346;
118700 1429;
118800 98810;
118830 444490;
118980 66630;
119100 3329;
119300 888;
119500 1300;
119530 141291;199302;199306;
119540 2014;
119550 2016;
119570 99772;
119580 1997;
119600 1452;
119650 1453;
119800 199315;293144;293150;
119900 217059;
120000 1457;
120040 3233;
120100 47045;
120200 194;98942;98944;
120330 1475;
120400 1471;
120430 35737;
120433 1473;
120435 144;
120502 52429;
120790 459353;
120970 1872;
121050 115;
121200 1949;
121201 1949;
121270 1551;
121300 79273;
121400 53691;
121700 98975;
121800 98967;
121820 98956;
121850 98970;
121900 98962;
122000 98973;
122100 98954;
122200 98964;
122400 293381;
122430 1051;
122440 3194;
122450 231013;
122455 458718;
122470 199;
122580 2391;
122600 1797;
122780 1508;
122860 1513;
122880 1529;
122900 1798;
123000 1522;
123050 157832;
123100 35093;35098;35099;63440;
123150 1540;
123155 1538;
123400 204;282166;454700;
123450 281;
123500 207;
123550 91138;
123560 1547;
123570 91396;
123700 90348;
123790 1555;
123853 2674;
123880 73;
124000 1460;254902;
124200 218;
124480 3231;79499;
124490 3232;
124500 494;
124900 90635;
125230 3241;
125250 1215;
125310 136;
125350 412206;
125370 101;
125400 1653;314721;
125420 1653;
125440 99792;
125490 166260;
125500 166265;
125520 1166;
125595 86920;
125640 1660;
125700 178029;30925;
125800 223;
125850 552;
125851 552;
126050 1146;
126190 2868;
126300 99177;
126550 85192;
126600 75376;
126700 75376;
126800 233;
126900 79142;
127000 2333;93325;
127300 240;35688;
127350 1765;
127400 41;
127500 241;
127550 1775;
127600 352657;
127800 1822;
127820 2767;
128100 256;
128101 98805;
128200 98809;
128230 98808;
128235 71517;
128800 83463;
128980 2405;
129200 1658;
129400 141291;199302;199306;
129490 1810;238468;
129500 189;
129510 1818;
129600 1885;
129850 1895;
129900 1896;
130000 287;
130020 285;
130050 286;
130060 1899;99875;99876;
130070 75496;
130080 75392;
130100 79148;
130600 288;
130650 116;
130710 1928;
130720 2789;
130900 100032;88661;
130950 2672;
131100 652;
131300 1328;
131440 86830;
131705 79411;
131750 231568;
131760 79396;
131800 79400;
131850 79410;
131900 79399;
131950 79401;
131960 79397;
132090 25968;
132100 166409;
132300 166433;
132400 93308;
132450 166011;
132600 91414;
132700 211;79493;
132800 65748;
132900 91387;
133000 231031;
133020 306577;90026;
133100 90042;
133180 318;
133190 1955;
133200 317;495;
133239 99977;
133540 191;90321;90322;90324;
133690 1962;
133700 321;
133701 321;
133705 3023;
133750 1964;
133780 891;90050;
133900 141145;
134200 2809;
134600 3337;
134610 342;
134750 47612;
134780 1988;
135100 337;
135150 122;
135290 873;
135300 2024;
135400 2026;
135500 3473;
135550 2027;
135700 45358;
135750 2378;
135900 1465;
135950 1937;
136000 289465;
136120 650;79292;
136140 2044;
136300 2047;
136480 91498;
136500 398166;79133;
136520 2253;
136550 75327;
136680 347;
136760 391474;
136800 98974;
136880 227796;52427;
136900 59181;
137200 324442;
137215 26106;
137245 52417;
137270 2069;
137280 2494;
137360 85197;93398;
137440 356;
137550 626;
137575 435329;
137600 91483;
137750 98977;
137763 2085;
137800 182067;251627;251630;301;360;94;
137920 93111;
137940 69735;
137950 84090;
138000 83454;
138770 2090;
138790 2091;
138800 276399;
138930 2097;
139090 721;
139210 2588;
139300 178345;
139393 98916;
139600 2220;
139750 1927;
140000 2438;
140350 2118;
140400 871;
140450 1342;
140700 178330;
140850 2124;
141000 2330;
141300 1214;
141350 1241;
141400 2549;
141405 221083;
141500 569;
141749 231237;251380;46532;
141750 98791;
142335 251380;46532;
142340 2140;
142470 251380;46532;
142623 388;
142625 2156;
142630 158025;
142669 2114;
142680 32960;
142900 392;
142945 2162;
142946 2162;
143000 91413;
143050 3265;
143095 263463;
143100 248111;399;
143200 898;
143400 2190;
143470 79506;
143870 2197;
143880 300547;
143890 391665;
144150 409;
144190 1336;
144200 2199;
144650 70470;
144700 422526;
144750 2790;
144755 443098;
144800 77296;
145000 99877;99879;
145001 99880;
145250 280628;79146;
145260 757;88938;
145300 99908;
145410 2745;306588;
145420 1519;
145600 423;99741;
145650 165994;
145700 2222;
145701 1023;2222;
145900 64748;
145980 405;93372;
145981 101049;405;
146000 429;
146110 432;
146160 2491;
146200 189466;2238;
146255 2237;
146300 247676;247685;436;
146390 1598;
146450 440;
146500 102;
146510 672;
146520 90368;
146550 444;
146590 79503;
146600 79504;
146720 2267;
146800 455;
146830 1572;
147060 2314;
147250 2162;2286;280200;
147251 2287;
147421 611;
147480 69665;
147750 2307;
147770 2316;
147791 2308;
147800 916;
147891 1509;
147900 2295;
147920 2322;
147950 432;478;
148000 160;33276;93686;
148050 2332;
148190 2334;
148210 477;
148350 2202;
148360 2201;
148370 50943;
148500 2198;
148520 86919;
148600 79501;
148700 369999;370002;50942;
148730 2200;
148800 2343;
148820 3440;896;
148840 33543;
149000 2346;90308;
149200 2698;
149400 3197;
149700 451612;
149730 2363;
150230 502;
150250 503;
150260 2808;
150280 2373;
150300 1202;
150360 2374;
150400 99798;
150600 2380;
150700 1018;
150800 523;
151001 231040;
151050 2658;
151100 500;
151200 2900;
151210 85166;
151400 67038;
151600 2387;
151623 524;
151630 2699;
151660 2348;
151800 2398;
151900 199276;
152800 90362;
152900 86914;
152950 2526;
153100 79452;
153200 90186;
153300 662;
153400 33001;
153480 109;
153550 86841;
153600 33226;
153630 2430;
153670 274;
153700 1243;
153840 99000;
153870 251287;
153880 75381;
154020 34528;
154230 242;
154275 423;
154276 423;
154400 245;
154500 861;
154600 91412;
154700 284963;558;
154780 560;
154800 79457;98292;
155050 1248;
155145 1993;
155240 653;99361;
155255 251858;251863;251867;616;
155310 2604;
155350 2477;
155600 404560;618;
155601 618;
155700 618;
155720 39044;
155755 252206;
155900 2483;
155950 2485;
155980 3034;
156200 178469;228402;
156232 1836;
156240 50251;
156250 2499;
156310 512;
156400 33067;
156500 174;
156510 2504;
156530 2635;
156550 485;
156580 2514;
156600 566;
156610 2505;
156620 2533;
156700 2536;
156810 2538;
156830 2655;93274;
156850 2542;
157151 2551;
157170 2162;
157600 238722;
157640 254892;
157700 741;
157800 3238;
157900 570;
157980 2563;
158000 573;
158170 261112;
158300 3377;
158310 1839;
158320 587;
158330 247768;
158350 201;2969;65285;
158500 2579;
158580 139589;
158590 139525;
158600 209341;363447;
158810 610;
158900 269;
158901 269;
159000 266;
159001 264;
159050 98895;
159400 589;
159550 2585;
159580 289326;
159595 420611;
159800 2589;
159900 36899;
159950 2590;
160010 99846;
160120 37612;972;
160150 169189;
160500 59135;
160565 2593;
160800 614;
160900 273;
160980 1359;
161000 69087;
161050 79153;
161200 2614;
161400 2073;
161550 150;
161800 171430;171433;171436;171439;98904;
161900 88659;
162000 209886;
162091 93921;
162100 2901;
162200 363700;636;
162210 636;
162260 93921;
162300 247709;653;
162350 228343;79262;
162400 36386;
162500 640;
162800 2686;
162830 279943;
162900 79414;
163000 624;
163200 2612;
163400 2633;
163500 215;
163700 2456;
163800 166282;
163950 648;
164180 1647;
164185 46486;
164200 2710;
164210 374;
164220 2353;
164280 1305;391641;
164300 270;
164310 98897;
164330 2724;
164400 98755;
164500 94147;
164745 2733;93328;
164750 660;
164900 2741;
165150 2743;
165199 1215;
165200 99718;
165300 67036;
165500 98673;
165550 137902;
165590 2756;
165600 98606;
165660 2760;
165700 3314;
165800 251262;
166000 296;
166200 216796;666;
166210 216804;666;
166220 216820;666;
166230 216796;666;
166250 2645;
166260 53697;
166300 2774;
166350 2762;
166450 2777;
166600 53;
166700 1306;166119;
166705 1562;
166750 2791;99806;
166780 2792;
166900 98868;
167100 2796;
167200 2309;
167210 2309;
167220 1952;
167300 2800;
167320 52430;
167400 46348;
167500 2291;
167730 2399;
167750 675;
167755 2805;
167800 676;
168000 29072;
168100 171695;
168300 684;
168400 2646;
168500 60015;
168550 251290;
168601 171695;411602;
168605 178509;
168860 86789;
168885 1179;
168900 1428;
169100 46627;
169150 99001;
169170 2976;
169500 99027;
169550 2839;
169600 2841;
169610 704;
170100 742;
170390 37553;
170400 681;
170500 682;
170700 1795;
171300 29072;
171400 247698;653;
171480 2878;
172700 282;
172800 2884;
172850 2885;
172870 251295;
172880 3104;
173100 231679;631;
173200 2897;
173600 2903;
173650 306539;
173700 221039;
173800 2911;
174000 34149;
174050 2924;
174200 93334;93335;
174300 2919;
174310 2917;
174400 93339;
174500 2950;93336;
174600 93337;
174700 93338;
174770 330061;
174800 562;
174810 85195;
174900 2929;329971;
175020 157798;
175050 2929;
175100 220460;247806;733;79665;99818;
175200 2869;
175500 2930;
175690 2935;
175700 380;
175780 2940;99810;
175800 735;
175850 737;
175860 79502;
175900 735;79152;
176000 79276;
176090 101330;443057;
176100 101330;443062;95159;
176200 79473;
176240 2730;
176270 739;
176305 2957;
176400 759;
176410 3000;
176450 1552;
176500 439254;97345;
176670 740;
176690 2959;
176700 2964;
176807 1331;
176860 745;
176920 744;
177000 79278;
177170 750;
177200 526;
177735 171871;756;
177820 52530;
177850 758;
177980 2994;
178000 2989;
178110 65743;
178200 2987;
178300 91411;
178330 2999;
178370 1207;
178500 2032;79126;
178550 99931;
178600 422;
178610 60026;
178995 64745;
179250 2252;
179270 3026;
179280 3015;
179300 3269;
179613 96167;
179800 18;93608;
179830 47159;
179840 99002;
179850 79145;
179900 65;
180000 75326;
180020 1871;
180100 791;
180104 791;
180105 791;
180200 790;
180210 791;
180500 782;
180550 91481;
180600 169;
180700 3107;97360;
180730 3110;
180800 3115;
180849 353277;783;
180860 813;
180870 3121;
180900 2709;
180920 86815;
181000 797;
181030 276148;454821;
181180 2013;
181250 1003;
181270 2036;
181350 261;98853;
181400 85146;
181405 431255;
181430 437572;
181440 3135;
181450 3138;
181460 1247;
181600 384;
181700 91490;
181750 90290;90291;
182150 1968;
182170 260305;
182190 166282;
182210 3164;
182212 2462;
182230 3157;95494;
182250 85191;
182280 70573;
182290 819;
182410 820;
182600 100984;
182601 100985;
182610 2816;
182690 2820;
182815 2821;
182820 2826;
182875 3038;
182900 822;
182920 268129;
182940 268357;823;
182950 137817;
182960 139518;
182980 209335;
182990 2356;
183086 98758;
183090 98756;
183300 2063;
183600 2440;
183700 2439;
183800 2329;
183802 2437;
183849 168443;
183900 94068;
184000 163668;
184095 263482;
184100 93284;
184250 93346;
184252 93314;
184253 93316;
184255 93315;
184260 166272;
184400 3181;
184460 140917;
184500 841;
184510 3184;
184705 3186;
184840 166100;
184850 3198;438266;443192;443804;
184900 2833;
185000 3203;
185020 398088;
185050 98454;
185070 3204;
185120 2863;
185300 3205;
185480 3465;
185500 3193;
185700 3248;
185750 3246;
185800 3250;
185900 1527;93402;
186000 295195;93403;
186100 93404;
186200 93405;
186300 93406;
186350 3259;
186400 1412;
186500 3237;
186550 1275;
186570 1412;
186580 90340;
186700 3280;
187300 774;
187360 397;
187370 251515;
187390 3294;
187500 3303;
187510 2564;
187600 1860;2655;
187601 2655;93274;
187760 3317;
187770 3317;
187800 140957;
187900 721;
187950 3318;71493;
188000 168629;268322;
188025 851;
188030 3002;
188150 2251;
188201 1078;
188400 567;
188455 93953;
188470 319487;
188550 146;319487;
188570 3221;
188580 79102;
188700 2768;
188740 3332;988;
189500 2228;
189800 275555;
189960 1199;
189961 3348;
190100 53372;
190310 3350;
190320 3352;
190330 411788;
190350 77258;
190351 77258;
190360 3361;
190400 221091;
190440 3366;
190650 3133;
190680 2947;
190685 870;
190900 88629;
191000 3383;
191100 805;
191400 2634;
191420 1837;
191440 2497;
191480 1410;
191482 1264;
191520 3408;
191830 411709;
191900 575;
192050 3411;
192315 247691;3421;63261;71291;
192350 887;
192430 567;
192445 3201;
192500 101016;768;
192800 2064;
192950 178382;
193000 289365;
193005 1767;
193090 2967;
193100 89937;
193200 247871;
193220 263347;3086;
193230 91496;
193235 329211;
193240 2997;
193250 2454;
193300 892;
193400 166078;903;
193500 3440;894;
193510 3440;895;
193530 952;
193670 51636;
193700 2053;
193900 171723;
194050 904;
194070 654;
194071 654;
194072 893;
194080 220;
194090 654;
194190 280;
194300 170;
194350 3466;
194380 3202;
194470 251523;
200100 14;
200110 920;
200130 2985;
200150 2388;
200170 90301;
200400 930;
200450 929;
200500 931;
200600 932;93299;
200610 932;93296;93297;
200700 2098;
200900 935;
200950 35121;
200970 2561;
200980 958;
200990 36;
200995 221054;
201000 65759;
201020 65798;
201050 949;
201100 37;
201170 1788;
201180 1784;
201200 2500;
201250 968;
201300 970;
201310 971;
201400 199296;
201450 42;
201470 26792;
201475 26793;
201550 2952;
201710 418;90790;
201810 418;90791;
201910 418;90794;
202010 418;90795;
202110 418;90793;
202150 95700;
202155 95702;
202200 361;
202300 1501;
202355 361;
202370 44;772;
202400 101041;335;98880;
202650 990;
202660 991;
202700 486;
202900 3199;
203000 2007;
203100 352731;79431;
203200 79432;
203290 79433;
203300 231500;79430;
203330 94090;
203340 2513;
203400 427;99763;
203450 58;
203500 56;
203550 1005;
203600 2574;
203650 2850;
203655 701;
203700 726;
203740 31;
203750 134;
203780 63;88919;
203800 64;
204000 65;
204100 65;
204110 1021;
204200 228346;79264;
204300 228340;79262;
204500 168491;228349;79264;
204650 100031;88661;
204690 1031;
204700 100033;88661;
204750 79154;
204870 98957;
205100 300605;
205250 803;
205400 31150;
205950 260305;
206100 83642;
206200 209981;
206500 1048;
206550 199279;
206700 1065;
206750 1064;
206780 99797;
206800 79143;94150;
206900 77298;
206920 1106;
207410 83;
207500 557;
207600 3287;
207620 1112;
207731 1116;
207740 2926;
207750 309020;444490;
207770 3469;
207780 1133;
207790 2356;
207800 90;
207900 23;
207950 1136;
208000 51608;
208050 3342;
208085 2697;
208100 1143;
208150 994;
208155 1150;
208158 1485;
208200 1149;
208230 1159;
208250 2848;
208300 1160;
208400 93;
208500 474;
208530 97548;
208540 294415;
208850 1188;
208900 100;
208910 100;
208920 1168;
209010 1192;
209300 1195;
209500 86819;
209700 79100;
209770 1488;
209880 661;99803;
209885 1231;
209900 110;
209920 572;
209950 319569;99898;
209970 1237;
210000 1239;
210200 6;
210210 6;
210250 101022;2882;
210350 141333;
210370 41751;
210400 2695;
210500 30391;
210600 808;
210700 2617;
210710 2636;
210720 2637;
210730 2636;
210740 1227;
210745 2057;
210900 125;
211000 94086;
211120 1842;
211170 1266;
211180 1270;
211350 1801;
211355 2292;
211370 2713;
211380 1299;
211400 60033;
211480 36258;
211530 97229;
211600 172;79306;
211750 1308;
211770 1375;
211800 289601;
211890 1318;
211900 306661;53715;
211910 1327;
211920 1326;
211930 1321;
211960 3292;
211990 140;
212050 457088;
212065 79318;
212066 79329;
212080 137675;
212112 2229;
212135 1354;
212138 159;
212140 158;
212200 1361;
212350 1369;
212360 1366;
212400 1376;
212500 91492;
212550 435930;
212710 1368;
212720 1387;
212780 3258;
212835 1174;
212840 1173;
212895 1177;
213000 2246;
213002 85186;
213010 2031;
213200 1170;
213300 475;
213600 1980;
213700 909;
213900 702;
213980 1394;
214100 912;
214110 912;
214150 1466;191;
214200 79263;
214300 2345;
214370 90103;
214400 99948;
214450 381;79476;
214500 167;
214700 53689;
214800 138;
214900 1414;
214950 79095;
215045 50945;
215100 177;309789;
215105 79347;
215140 1426;
215150 1427;
215300 55880;
215400 178;
215450 1429;
215470 1180;
215480 1313;
215500 75377;
215518 244;
215520 244;
215600 209919;
215700 247525;
215800 2004;93940;
215850 3429;
216100 2319;
216300 2010;
216330 1452;
216340 3472;
216360 1454;
216400 191;90321;90322;90324;
216411 191;90324;
216550 193;
216700 79147;
216800 91494;
216820 194;
216900 49382;
216950 169147;
217000 169147;
217080 1873;
217085 1338;
217090 722;97231;
217095 2445;3384;3426;
217100 295000;93937;
217150 2215;
217300 53691;
217400 1490;
217600 98972;
217700 293603;
217800 98969;
217980 3338;
218000 1496;
218010 1389;
218030 320;
218040 3071;
218090 1512;
218300 1513;
218330 1515;
218340 1777;
218350 1516;
218400 1522;
218450 2872;
218550 1533;
218600 1225;
218670 1528;
218700 95712;95713;95719;95720;
218800 205;79234;
218900 1380;
219000 2052;
219080 189427;
219090 96253;
219095 2881;
219100 90349;
219150 2962;35664;
219200 357058;357074;
219250 1556;
219500 212;
219700 586;
219721 2575;
219730 443988;
219750 213;411641;
219800 213;411629;
219900 213;411634;
220100 214;93612;93613;
220110 254905;
220111 70472;
220120 941;
220150 94088;
220200 217;
220210 7;
220219 1970;
220220 1566;
220290 90636;
220400 768;90647;
220500 3231;79500;
220600 71271;
221200 363396;
221300 3216;
221320 3236;
221350 3239;
221400 3217;
221740 3230;
221745 90641;
221750 231720;
221770 2770;
221790 1659;
221800 79149;
221810 1657;
221820 313808;
221900 91495;
221995 3145;
222300 3463;
222400 2140;
222448 2143;
222470 84064;
222500 1671;
222600 628;
222690 1032;
222700 470;
222730 2195;
222748 38874;
222765 177;309796;
222800 714;
222900 35122;
223000 53690;
223330 2464;
223340 3439;
223360 230;
223370 235;
223400 1203;
223800 239;
223900 1764;
224050 1766;
224100 98873;
224120 98869;
224230 1775;
224300 1782;
224400 156731;
224410 1865;
224500 99657;
224690 2554;
224700 1880;
224750 50944;
224800 1883;
224900 238468;248;
225040 1812;
225050 1882;
225060 141291;199302;199306;3253;
225100 1885;
225200 1885;
225250 95712;95713;95720;
225280 1897;
225290 1892;
225300 2440;
225310 75501;
225320 230851;
225400 1900;
225410 1901;
225500 289;
225750 51;
225753 166063;
225755 1261;
225790 221126;
226000 2022;
226200 168601;
226350 3165;
226400 302;
226440 231556;
226600 79408;79409;
226650 251393;79402;79405;89840;
226670 257;
226700 79404;
226730 79403;
226750 1946;
226810 1459;
226850 1951;
226900 93307;
226960 1824;
226980 1667;
226990 2566;
227010 999;
227050 98871;
227090 1954;
227210 3172;
227255 1780;
227260 1807;398166;
227270 1972;
227280 1973;
227300 35909;
227310 35909;
227330 1974;
227400 326;
227500 327;
227600 328;
227645 84;
227646 84;
227650 84;
227810 2088;
228000 333;
228020 2833;
228200 2019;
228250 1986;
228300 325448;
228355 1910;
228520 2021;
228550 2591;
228560 2025;
228600 2028;2176;
228800 49041;
228900 2639;
228930 2854;
228940 2256;
228960 483;
228980 363989;
228990 99179;
229050 90045;
229070 52901;
229100 51208;
229120 3219;
229200 90354;
229300 95;
229400 1791;
229600 469;
229700 348;
229800 2056;
229850 2059;
230000 349;
230200 352;79237;
230350 352;79238;
230400 352;79239;
230450 33574;
230500 354;79255;
230600 354;79256;
230650 354;79257;
230740 2067;
230750 2368;
230800 355;77259;
230900 355;77260;
231000 355;77261;
231005 2072;355;
231050 2623;
231060 2075;
231070 2078;
231080 2077;
231090 254688;99927;
231095 1802;
231100 446;
231200 274;
231300 98976;98977;
231530 71212;
231550 869;
231670 25;
231680 26791;
231690 35706;
231900 289849;32;
231950 33573;
232200 364;79258;
232220 364;79259;
232240 364;79259;
232300 365;
232400 366;
232500 308621;308638;308655;308670;308684;308698;308712;367;
232600 368;
232700 369;
232800 371;
233100 69076;
233300 243;
233400 2855;
233420 242;
233430 1770;
233450 375;
233500 2095;
233650 157949;
233670 379;
233690 379;
233700 379;
233710 379;
233805 1979;
233810 2101;
233910 2102;238583;
234000 330;
234030 1408;
234050 33364;
234100 2108;
234200 157850;
234250 2107;
234280 2110;
234500 2116;
234580 3220;
234700 60041;
234810 199241;
234820 2126;
235000 2128;
235200 465508;
235255 1655;
235370 288;
235400 2134;90038;93579;93581;
235500 99931;
235510 2136;
235550 79124;
235555 79303;
235700 90031;
235730 2152;
235740 2155;
235760 2153;
235800 2157;
235830 2158;
236000 391;
236100 2162;
236110 2167;
236130 2168;
236200 394;
236250 395;
236270 2169;622;
236400 3265;
236600 2185;
236640 3035;
236660 2181;
236670 588;899;
236680 2189;
236700 2473;
236730 2704;
236750 1041;163596;363999;
236792 79314;
236800 79155;
236900 79156;
237300 147;
237310 927;
237400 309147;
237450 3111;
237500 234;
237900 2312;
238320 755;96265;96266;
238600 309015;444490;
238700 2203;
238710 2203;
238970 415;
239000 2801;
239100 3416;
239200 417;
239300 247262;
239500 419;
239510 79101;
239710 2211;
239800 2213;
239840 2218;
239850 1517;
240200 85138;
240300 3453;
240500 1572;
240600 2089;
240900 293964;
240950 2410;
241080 3464;
241090 2232;
241200 112;93604;
241310 1790;
241410 2323;
241500 247623;247651;436;
241510 247667;436;
241520 289176;
241530 157215;
241550 2248;
241760 2261;
241850 1226;
242050 94088;
242100 281122;79394;
242150 477;
242300 100976;281122;313;
242500 457;
242510 2269;
242520 2274;
242530 2278;
242600 42062;
242670 244;
242680 244;
242700 83471;
242840 1493;
242860 2268;
242900 1830;
243000 88642;970;
243060 137893;399808;
243150 2300;436252;
243180 2978;
243185 1654;
243200 238624;
243300 65682;99960;
243310 2995;
243320 332;
243440 2306;
243500 33;
243600 1201;
243605 444069;
243700 217390;
243800 2315;
243910 2318;
244200 432;478;
244300 2328;
244400 244;
244450 2707;
244460 2333;93324;
244850 86923;
245000 678;
245010 2342;
245050 832;
245100 1399;
245150 85202;
245190 2347;
245200 487;
245300 454745;
245340 171690;
245348 765;79244;
245349 255182;765;
245400 17;
245480 169142;
245550 1296;
245570 163721;1945;725;98818;
245590 220465;
245600 284139;
245650 2371;
245660 2407;
245800 2377;
245900 650;79293;
246000 2310;
246200 508;
246300 548;
246400 99870;
246450 20;
246500 1816;
246550 2390;
246555 1891;
246560 1307;2440;
246700 71;
246900 2394;765;
247100 530;
247200 531;
247410 1563;
247440 79452;
247610 79128;
247640 513;
247650 1334;
247990 2083;
248000 2477;
248110 2432;
248190 2196;
248200 827;
248250 31043;
248300 87503;
248340 293843;
248360 943;
248370 2457;90153;
248390 861;
248450 2717;
248500 61;
248510 118;
248600 268145;268162;268173;268184;511;
248700 2461;
248760 2172;
248770 2463;
248800 559;
248900 101001;
248910 2135;
248950 2471;
249000 564;
249100 342;
249210 2241;
249270 49827;
249310 2479;
249400 2481;
249420 137834;
249500 88616;
249599 3044;
249600 2557;
249620 2728;
249630 3079;
249650 1035;
249700 2632;
249710 2631;
249900 512;
250100 512;
250215 1240;
250220 93317;
250230 166038;
250250 175;
250400 2501;
250410 166035;
250420 2502;
250620 88639;
250700 621;
250790 621;
250800 621;
250850 168598;
250940 2170;622;
250950 67046;
250951 67048;
251000 27;289916;79312;
251100 28;79310;
251110 28;79311;
251120 308425;
251190 2643;
251200 2512;52183;
251220 2515;
251240 3132;
251250 2522;
251255 313795;
251260 647;
251270 2518;
251290 1229;
251300 2065;
251450 1425;
251505 98938;
251600 2542;
251750 238763;
251850 2290;
251880 279934;
251950 2597;
252010 2609;
252011 3208;
252100 2751;
252150 308386;833;99732;
252160 308393;833;99732;
252250 1334;
252300 582;
252320 2400;
252350 2573;
252500 576;
252600 423461;577;
252605 423470;577;
252650 578;
252900 581;79269;
252920 581;79270;
252930 581;79271;
252940 581;79272;
253000 309297;582;
253010 309310;582;
253200 583;
253220 584;
253250 2576;
253260 79241;
253270 79242;
253280 588;899;
253290 33108;
253300 70;83330;
253310 1486;
253320 3068;
253400 70;83419;
253550 70;83418;
253600 267;
253601 268;
253700 353;
253800 272;588;899;
253900 1155;
254000 1875;
254090 75840;
254110 1878;
254130 45448;
254190 590;
254200 589;
254210 590;98914;
254300 590;98913;
254400 2584;
254450 824;
254500 29073;314701;85443;
254600 2587;
254770 307;
254780 501;
254800 308;
254900 163696;
254940 1358;
255110 157;228302;
255120 156;
255125 43115;
255160 53698;
255200 169186;
255310 2020;
255320 598;98905;
255600 289380;
255700 614;
255710 3101;
255800 800;
255960 615;
255980 2662;
255990 2663;
255995 168572;
256000 255210;255241;506;70474;
256020 2613;
256030 171430;171433;171436;171439;
256040 2615;324977;324999;325004;
256050 56304;
256100 655;
256120 2668;
256150 87876;
256200 2669;
256300 839;
256370 656;
256450 276575;276598;79643;
256500 634;
256520 2671;
256540 351;
256550 812;87876;
256600 35069;
256690 2673;
256700 635;
256710 33445;
256730 168491;228329;79262;79263;79264;
256731 168491;228360;
256800 642;
256810 255229;
256840 139578;
256850 643;
257100 486;
257200 77292;
257220 646;
257270 215;
257300 1052;
257320 89844;
257350 79486;
257550 1125;
257790 2720;
257800 2719;
257850 2710;
257910 2714;
257920 293843;
257960 2718;
257970 2715;
257980 2721;
258040 322;93929;
258100 75382;
258150 399805;
258200 2920;
258315 2733;93329;
258320 2736;
258450 254886;
258480 2746;
258500 98676;99012;
258501 67047;
258840 2272;
258850 2752;
258860 2753;
258865 141007;
258870 414;
258900 30;
259050 3042;
259100 1525;2796;
259200 2768;
259250 2769;
259410 2772;
259420 216812;666;
259440 216804;216812;216820;666;
259450 2771;
259500 668;
259600 3460;371428;85196;
259610 2776;
259680 324964;
259690 2324;
259700 667;
259710 667;
259720 85179;
259730 2785;
259750 85193;
259770 2788;
259775 1832;
259780 2793;
259900 416;93598;
260000 416;93599;
260005 33572;
260130 2309;
260300 171695;
260350 1333;
260370 2805;
260400 811;
260470 2806;
260500 251899;2807;
260530 2812;
260540 240085;683;99750;
260565 2836;99807;
260600 280270;280293;
260650 2837;
260660 93333;
260800 2843;
260910 345;
260920 343;
261000 332;
261100 35858;
261515 300;
261540 709;
261550 2856;
261560 2871;
261575 2876;
261600 2209;716;
261630 226;238583;
261640 13;238583;
261650 2880;
261670 97234;
261680 2880;
261740 439854;
261750 79240;
261800 718;
261900 2889;
261990 2891;
262000 123;
262020 2892;
262190 769;
262300 49382;
262400 231662;631;
262500 633;
262600 90695;95494;
262650 629;631;
262700 85442;
262850 79;
262890 806;
263000 98852;
263200 731;
263300 729;
263400 238557;
263450 93334;
263520 93269;
263540 2916;
263570 206583;367;
263630 2934;
263650 1234;
263700 79277;
263750 246;
263800 358;
264010 3409;
264050 2292;
264070 1578;238583;
264090 3455;
264180 85174;
264270 2975;
264300 752;
264350 171876;756;
264420 59181;
264470 2971;
264475 2980;
264480 2166;
264600 753;
264700 289157;
264800 758;
265000 2990;
265050 293843;
265100 60025;
265120 217563;
265140 2038;
265150 1208;
265300 2414;
265380 210122;
265400 422;
265430 2257;
265450 31837;
265500 3189;
265800 763;
265880 3003;
265900 3005;
266100 3006;
266120 35120;
266130 289846;32;
266150 3008;
266200 766;
266255 3270;
266265 2968;99843;
266270 3019;
266280 3021;
266500 773;
266510 44;772;
266900 3156;
266910 3404;
266920 140969;
267000 2849;
267010 3032;
267200 2785;
267300 18;402041;
267400 1092;
267430 3033;97369;
267450 70587;
267500 33355;
267700 540;
267730 86900;
267750 1571;
267760 1574;
267800 99002;
268000 791;
268020 3085;
268025 791;
268040 3087;
268060 791;
268100 53540;
268130 3088;
268150 71275;
268200 99845;
268210 780;99757;
268220 780;99756;
268240 3099;
268250 3098;
268300 3103;
268305 3102;
268310 1507;97360;
268320 1806;
268400 2909;
268700 3124;
268800 309155;309162;309169;796;
268850 2511;
268900 3129;
269000 3103;
269150 798;
269160 799;
269200 3143;
269250 3144;
269300 85184;
269400 289499;
269500 3152;
269600 158029;
269700 528;
269720 1949;
269840 911;
269860 93268;
269880 3163;
269920 309324;834;
269921 3166;
270100 450;
270200 816;
270300 263543;263553;
270400 818;
270420 103908;
270450 73273;
270460 1355;
270550 98;
270685 100998;
270700 100996;
270710 2823;
270750 101003;
270800 100986;
270850 2818;
270950 3011;
270960 399805;
270970 822;
271150 70;83420;
271245 1186;
271250 95433;
271270 1185;
271310 3177;
271320 2572;
271400 101351;
271510 93357;
271520 94095;
271530 448242;
271550 1855;
271600 93284;
271620 163665;
271630 448242;
271640 93359;
271650 93351;
271665 93358;
271700 1856;
271900 141;
271930 1576;225154;
271950 3092;99051;
271960 3191;
271980 22;
272100 59298;
272200 585;
272300 833;99731;
272350 3210;
272430 157820;
272440 3255;
272460 3275;
272600 1178;
272700 3289;
272750 309246;
272800 845;
272950 3291;
272980 2731;
273050 2972;
273250 983;
273300 363483;363494;363504;842;876;99865;
273395 3301;
273400 2723;
273490 3311;
273730 1861;
273740 1803;
273750 2616;
273800 849;
273900 168629;268322;
274000 3320;
274150 54057;93583;
274190 2951;
274205 2489;
274230 99867;
274240 3327;
274265 3326;
274270 1675;
274300 3221;
274400 95716;
274500 95716;
274600 705;
274700 95716;
274800 95716;
274900 95716;
275100 90674;
275120 238670;
275200 90673;
275210 1662;
275220 93322;
275300 3347;
275350 859;
275355 67037;
275400 3363;
275450 3355;
275595 3368;
275630 98907;
275900 101000;
276300 252202;
276600 28378;
276700 882;
276710 69723;
276820 2879;
276821 2249;
276880 210128;
276900 231169;886;
276901 231178;886;
276902 231183;886;
276904 231169;886;
276950 3412;
277000 247775;3109;
277170 2754;
277175 3018;
277180 48;
277200 439;
277300 2311;
277320 1876;
277350 199285;
277380 26;79284;
277400 26;79282;
277410 26;28;308380;308442;622;79283;
277440 93160;
277450 98434;
277460 96;
277470 2524;
277480 166096;903;
277580 897;
277590 3447;
277600 3449;
277610 3450;
277700 902;
277720 2053;
277740 2475;
277900 905;
277950 3460;371428;85196;
277970 906;
277990 3080;
278000 275761;75233;75234;
278150 170;55654;
278200 1409;
278250 2834;357058;
278300 3467;93601;
278700 910;
278720 910;
278730 220295;910;
278740 910;
278750 90342;
278760 220295;910;
278780 1466;191;220295;910;
278850 393;
279000 3471;
280000 3474;
300000 2745;306597;
300001 461;
300004 2508;
300009 1652;93622;
300018 242;
300029 791;
300030 90625;
300042 700;
300046 777;
300047 777;
300048 2301;2978;
300049 2149;98892;
300055 3077;
300062 777;
300064 2898;
300066 90625;
300067 2148;99796;
300068 99429;
300071 215;
300073 994;
300076 2571;
300085 1871;
300088 101039;2076;
300100 139396;139399;43;
300106 93349;
300114 777;
300115 777;
300123 231692;631;67045;
300143 777;
300147 1331;
300148 85282;
300155 791;
300166 2712;568;
300194 86818;
300200 95702;
300209 79022;
300210 777;
300215 452;
300216 190;
300218 85274;
300219 456328;
300220 85295;
300221 391;
300232 168448;
300238 85286;
300243 85278;
300244 88630;
300245 91411;
300257 34587;
300258 353298;
300261 85276;
300262 85273;
300263 85287;
300266 100997;
300270 977;
300271 777;
300274 99429;
300291 238468;98813;
300299 86788;
300301 69088;
300310 229717;47;
300322 510;
300323 79233;
300324 777;
300331 71493;
300337 435;
300345 98938;
300352 52503;
300354 85293;
300355 777;
300360 85289;
300367 67044;
300372 777;
300373 2780;
300376 98895;
300387 777;
300388 268940;98889;
300400 276;
300419 777;
300423 2076;93952;
300424 791;
300428 777;
300431 1193;
300433 777;
300434 85288;
300436 777;
300438 391417;
300448 231401;
300454 777;
300455 247522;
300471 85280;
300472 52055;
300475 369939;369942;
300476 1872;
300484 2755;
300486 137831;
300489 139557;
300491 85294;
300498 777;
300500 54;
300504 777;
300505 777;
300510 243;
300514 84;
300518 777;
300519 85321;
300523 280270;59;
300534 85279;
300537 82004;
300539 93606;
300554 1652;93622;
300555 1652;93623;
300557 2828;
300558 777;
300559 715;
300578 85332;
300580 2020;
300582 314795;
300590 199;
300600 178333;
300605 791;
300607 163985;2076;
300612 3056;
300614 139583;
300615 3057;
300623 93256;
300624 449291;908;
300633 440;
300635 2442;
300636 319605;319612;
300643 163721;
300645 319605;319623;
300650 1000;
300652 95429;
300653 713;
300660 83629;
300661 3222;
300672 1934;3095;3451;
300673 209370;
300676 776;
300679 261476;
300695 431272;
300696 178461;261;98863;
300699 364028;
300700 998;
300703 314978;
300704 1331;
300705 777;
300706 85328;
300707 140952;
300709 85324;
300712 163979;
300716 777;
300717 97239;
300718 97239;
300749 163937;
300750 171607;
300751 75563;
300752 443197;
300755 229717;47;
300758 440;
300770 264675;
300778 98955;
300779 293621;
300801 217377;
300802 777;
300803 777;
300804 2754;
300813 3273;
300815 1762;
300816 238329;
300818 447;
300831 251383;
300833 393;
300834 1872;
300835 363727;
300842 59306;
300843 90001;
300844 777;
300845 280679;
300848 777;
300849 777;
300850 777;
300851 777;
300852 777;
300853 317476;
300854 319308;
300855 276432;
300856 440;
300857 803;
300858 289483;
300860 163956;
300863 163966;
300864 163961;
300867 2322;
300868 300496;
300869 261483;
300870 231160;
300881 1425;
300882 199;
300884 324422;
300886 324410;
300887 2556;
300888 329235;
300894 329284;
300895 293707;
300896 356961;
300905 352675;
300908 466026;
300909 100057;91385;
300910 391330;
300911 363654;
300912 85277;
300914 90625;
300915 431140;
300918 659;
300919 777;
300928 777;
300934 370927;
300942 300373;448372;
300943 963;
300946 124;
300952 2556;
300953 33364;
300957 457240;
300958 457260;
300960 401973;
300963 7;
300971 112;93604;
300977 3041;
300978 777;
300983 777;
300984 777;
300985 48;
301000 906;
301040 847;
301050 63;88917;
301200 100033;88661;
301201 100031;88661;
301220 85453;
301310 2802;
301410 268357;823;
301500 324;
301590 85275;
301790 85297;
301800 557;
301815 1484;
301830 1145;
301835 1187;
301840 85292;
301845 113;
301900 127;
301940 2565;
301950 1131;
302000 1867;
302030 391327;
302045 154;
302060 111;
302200 91492;
302350 627;
302380 1388;
302500 1175;
302700 43;
302800 101075;
302801 101076;
302802 101077;
302905 921;
302950 79345;
302960 35173;
303100 180;
303110 1435;
303350 2466;275543;
303400 324601;
303600 192;
303650 1198;
303700 16;1872;
304020 1872;
304030 1871;
304050 50;
304100 1497;275543;
304110 1520;
304120 669;90652;
304150 198;
304340 1568;85335;
304350 90646;
304400 383;
304500 90625;
304700 52368;
304730 1661;
304790 37042;
304800 223;
304900 178029;30925;
304950 239;
305000 1775;3322;
305100 181;238468;
305200 75497;
305350 302;
305390 891;
305400 915;
305435 251380;46532;
305550 97232;
305600 2092;
305620 1826;
305800 54370;
306000 264580;
306400 379;
306700 98878;
306900 98879;
306950 2140;
306955 450;
306980 2150;
306990 2570;
307000 2182;275543;
307010 1397;
307030 408;
307150 2222;79495;
307200 231692;631;632;
307500 2234;
307700 2238;2239;
307800 89936;
307830 94088;
308050 139;
308100 281090;461;
308205 2273;85284;
308230 101088;183663;
308240 2442;
308300 464;
308350 1934;3175;3451;364063;
308700 432;478;
308800 2340;
308830 2339;
308850 2375;
308905 104;
308940 1018;
308950 510;
308990 1652;93622;
309000 534;
309120 399805;
309300 91489;
309350 2484;
309400 565;
309480 3052;
309500 3242;
309510 94083;
309520 776;
309530 777;
309541 369962;
309545 85290;
309548 100973;
309549 777;
309555 3078;
309560 2824;
309580 73220;93970;93971;93972;93973;93974;93975;
309583 3063;
309585 3459;
309605 85283;
309610 2958;
309620 1436;
309630 2498;
309640 163982;
309800 568;
309801 2556;
309900 580;
310200 98896;
310300 261;98863;
310370 308;
310400 596;
310440 25980;
310465 2608;
310468 1652;93622;
310490 101078;
310500 215;
310600 649;
310980 660;
311050 98890;
311070 99014;
311200 2750;
311250 664;
311280 2779;
311300 669;90650;
311450 2804;
311510 2379;
311895 2888;
311900 2886;
312000 90695;
312060 2966;
312080 702;
312150 79447;
312170 765;79243;
312190 3016;
312300 90797;
312550 1852;
312600 791;
312612 791;
312700 792;
312750 3095;778;
312780 813;
312830 3134;
312840 85285;
312860 1514;
312870 373;
312910 2815;
312920 99015;
313200 481;
313350 2440;
313400 93284;
313420 168544;
313500 99798;
313850 1335;
313900 268322;852;
314050 231393;
314250 53351;
314300 3341;
314320 3369;
314360 1122;
314390 3412;
314400 1864;
314500 3417;
314560 903;
314580 3454;
314600 3456;
400004 791;
400021 391;
400042 1646;
400044 242;
400045 2138;393;
415000 1646;
424500 206484;
500000 137675;
500001 99718;
500002 2596;
500003 1576;225154;
500004 231183;886;
500008 90641;
500009 254864;
500011 2598;
520000 225;
520100 1670;
530000 480;
535000 104;
540000 550;
545000 551;
550500 99845;
551000 254857;
551500 644;
557000 699;
560000 3390;
580000 168609;
598500 3463;
600000 3180;
600001 2255;
600002 79106;
600048 227535;
600057 322;93930;
600059 791;
600060 90636;
600072 466;
600081 289157;
600092 1422;
600096 3010;
600101 90635;
600105 791;
600110 827;
600116 2828;
600117 1799;
600118 2510;
600121 177;309803;
600122 2983;
600123 1352;
600131 64280;
600132 791;
600138 791;
600142 199354;
600143 168491;228354;79264;
600145 3027;3169;
600151 110;
600155 388;
600156 388;
600159 2988;
600165 35612;
600166 99878;
600175 1216;
600176 2798;
600193 3440;895;
600195 2451;
600204 166002;
600208 182050;
600209 321;
600223 98765;
600224 98766;
600231 2337;
600251 141258;
600252 2409;
600268 3339;
600269 2832;
600273 88924;
600274 282;
600302 2429;
600309 98722;
600316 90636;
600325 221120;
600329 85179;
600331 2825;
600332 97238;
600334 609;
600348 99796;
600360 1115;
600361 64751;
600363 100988;
600373 1458;
600376 774;
600383 2496;
600384 1113;
600399 2835;
600416 269;
600430 1001;
600457 3387;
600459 1682;
600460 2008;
600461 1046;
600462 2598;
600467 423;
600496 552;
600512 101046;
600513 98784;
600546 808;
600559 2119;
600561 163662;
600624 1872;
600625 199306;
600627 2224;
600628 168;
600630 178338;
600634 314777;
600638 45358;
600643 53035;
600649 157;228305;
600652 90635;
600668 1416;
600674 83463;93976;
600679 141103;
600705 3130;
600721 79315;
600736 3424;
600740 101050;405;
600757 141291;199302;199306;
600775 2343;3267;35093;
600776 1104;
600785 93160;
600790 75373;
600791 90636;
600792 90636;
600794 139536;
600795 275864;282;
600802 35078;
600803 69663;
600852 791;
600880 131;
600881 91492;
600882 99936;
600884 154;
600886 163;
600901 84;
600903 906;
600919 101016;768;
600920 2460;
600955 71528;
600965 90635;
600969 166002;
600971 90636;
600972 932;93298;
600974 90636;
600975 98976;
600977 1872;
600989 1849;
600991 2180;
600994 90635;
600995 656;
600996 217656;
601001 89838;
601003 53347;
601005 65283;768;
601027 3328;
601042 53583;
601067 231169;886;
601068 86814;
601071 90636;
601072 90636;
601075 1117;
601076 2578;3109;
601086 450;
601095 2115;
601096 2641;
601098 101083;
601101 774;
601104 240071;683;
601110 79321;
601127 3304;
601144 130;
601152 90120;
601154 154;
601160 86822;
601162 100990;447753;
601163 2141;
601165 2001;
601186 2470;98938;
601187 1858;
601195 139507;
601198 112;2238;263417;428;
601200 284343;64742;
601202 91492;98988;98992;
601214 34217;
601216 2899;
601217 1014;
601220 2786;
601223 2978;
601224 52022;
601228 157794;
601230 1656;
601238 94122;
601277 313;
601287 219;
601316 90635;
601317 90635;
601319 1811;
601321 638;
601322 2941;
601338 1171;
601345 69083;
601349 3434;
601350 2867;
601351 3218;
601352 1948;
601353 1272;
601355 2516;
601358 3051;
601360 1027;
601362 1580;
601363 654;
601369 90635;
601370 2163;
601374 1126;
601375 1808;
601376 1421;
601378 1545;
601379 97340;
601382 99955;
601386 90636;
601390 314679;
601399 71290;
601410 99886;
601412 90635;
601414 791;
601419 98909;
601427 2321;
601438 2831;
601449 3235;
601450 2412;
601452 398156;
601453 3351;
601455 99950;
601457 331206;
601462 590;98913;
601471 306527;
601472 99938;
601492 67041;
601493 154;54260;
601494 154;54260;
601495 229717;33110;
601499 782;
601518 1331;
601536 69737;69739;
601539 44;772;
601543 90635;
601544 90635;
601547 1377;91492;
601549 91416;
601552 412022;
601553 1573;
601559 3206;
601560 166016;
601561 1804;
601583 654;
601596 99949;
601606 79493;867;
601612 1120;
601626 519;
601631 91483;98978;
601634 268357;823;
601650 29072;
601665 71529;
601668 168451;
601675 33364;
601678 112;93604;
601680 1147;
601701 3354;
601705 169095;
601706 3214;
601707 1553;
601709 220436;
601718 791;
601759 1926;
601764 306;
601776 2953;
601777 1872;
601780 168491;228363;79262;
601794 363741;
601803 884;
601808 1600;
601812 363665;
601813 891;
601820 276580;276603;79644;
601829 1787;
601847 172;79304;
601853 1532;
601859 3261;
601868 90635;
601869 90636;
601885 91492;
601887 423;
601888 423;
601894 84090;
601927 86915;
601952 281201;
601954 34514;
601957 69082;
601977 3318;71493;
601992 95;
602014 30924;
602025 217031;
602032 69084;
602066 31709;
602078 45358;
602079 468726;
602081 209908;
602082 98960;
602083 231169;886;
602085 93334;
602086 217656;
602087 217656;
602088 655;
602092 90636;
602093 1871;1872;
602096 1020;
602097 231169;886;
602099 300605;
602107 84093;
602111 1040;93356;
602114 171;
602152 140976;
602196 140;
602247 391665;
602248 679;
602271 168549;
602347 172;79305;
602361 2763;
602390 79230;
602398 35107;
602400 91132;
602401 99672;
602404 2828;
602433 357043;
602440 65684;
602450 275;
602459 90635;
602471 397623;
602473 51188;
602481 569;
602482 782;91483;98978;
602483 137888;
602484 2840;
602485 79299;
602497 79345;
602501 60040;
602522 112;89938;
602531 79094;
602535 561;
602540 477;
602541 280671;
602553 1590;
602554 256;
602557 93352;
602558 1524;
602562 357158;
602579 79319;
602588 52429;
602594 791;
602611 163649;
602612 1323;
602629 98806;
602668 606;
602722 18;402041;
602759 1331;
602771 324604;598;84132;97244;
602772 791;
602782 168569;
602849 53271;
602875 40;
602966 141291;199302;199306;
603010 90636;
603034 590;98915;
603041 298;
603098 90636;
603116 85199;
603147 79320;
603194 564;
603204 98784;
603218 157941;
603233 94089;
603278 656;
603284 221061;
603285 221061;
603358 53693;
603373 99819;
603386 319487;
603387 83473;
603438 3268;
603457 1135;2250;
603463 157788;
603467 84;
603471 247585;
603472 2289;
603511 34516;
603513 210141;
603516 98761;
603523 264688;
603543 69085;
603546 93360;
603552 540;
603553 540;
603554 39041;
603563 100989;
603569 141127;
603585 238459;
603592 3467;93602;
603596 2913;
603622 90635;
603629 90636;
603649 1872;
603671 1827;
603678 90636;
603688 1331;
603689 178464;
603720 90636;
603736 3047;
603737 35807;
603744 319487;
603786 827;
603802 2512;
603813 391665;
603829 228140;
603830 101016;768;
603860 34149;
603896 135;157713;157716;157719;99853;99854;
603902 231226;848;
603903 232;
603909 3261;
603964 90635;
603965 656;
604004 2478;
604060 90636;
604091 425;
604093 3406;
604116 1872;
604117 79395;
604121 314404;
604129 89843;
604131 846;
604145 154;
604168 48431;
604169 54260;
604173 221046;
604185 306530;
604187 100991;
604213 314597;
604218 85110;
604219 1377;91492;
604229 708;
604232 65;791;
604233 36387;
604250 225123;
604271 314802;
604273 254913;
604278 47159;93607;
604286 119;
604287 139411;
604288 154;
604290 48818;
604292 1896;
604302 85414;
604307 91492;
604314 293725;
604317 2512;
604320 98920;
604321 2512;
604326 98762;
604335 83452;99995;
604348 164736;
604356 233;
604360 2822;
604364 98820;
604367 79083;
604369 309334;834;
604370 145;227535;
604377 1561;
604379 170;55654;
604381 228190;
604387 655;
604391 251347;
604393 1872;65;791;
604400 217656;
604401 217656;
604403 36387;
604416 69126;
604432 98767;
604454 603;
604484 90117;
604498 3319;
604536 158668;
604537 65;
604547 888;
604559 871;
604563 99956;
604571 34592;
604625 99798;
604715 443236;
604717 90635;
604757 1541;
604765 154;
604772 3286;
604777 313;
604801 98893;
604802 157946;
604804 2512;
604805 100993;
604809 171700;
604827 307;
604841 828;90654;
604856 389;
604864 93279;
604901 168583;
604916 2729;
604919 64755;
604922 166277;
604928 3463;
604931 168588;
605013 443162;
605021 352582;
605027 547;
605039 97297;
605041 79493;
605055 1020;
605067 1209;
605074 47044;
605115 88660;
605130 319182;
605192 90635;
605229 100995;
605231 110;
605233 275523;
605244 1359;
605253 99951;
605258 101089;183666;
605259 98768;
605274 85170;
605275 648;
605280 100994;
605282 363417;
605285 99953;
605289 2440;
605293 98673;
605309 210548;
605355 98902;
605361 98763;
605362 217622;
605365 227535;
605373 29072;
605375 98784;
605376 450;
605387 91492;
605389 55654;
605407 101150;
605428 90636;
605432 71289;
605472 231178;886;
605479 65682;99961;
605526 1020;
605543 411602;
605544 2024;
605549 1872;
605582 154;
605583 90635;
605588 98856;
605589 101101;
605594 166260;
605627 66625;
605635 404;
605637 363677;79091;
605642 97290;
605670 67042;
605672 1173;
605676 65282;
605711 401869;
605714 100006;324703;324708;324713;324718;324723;85458;
605724 319462;
605726 139552;
605728 91492;98985;98992;98995;
605738 98938;
605749 91492;
605750 891;
605751 306;
605779 79144;
605808 179;
605809 590;98913;
605814 247598;
605818 90636;
605820 602;
605822 85194;
605827 168632;
605841 2073;
605850 243343;
605899 407;
605909 2828;
605911 35701;
605913 391320;
605934 2162;
605946 85188;
605967 85203;
606002 64753;
606003 101028;
606012 90635;
606054 35;
606056 79330;
606068 791;
606069 139491;
606070 600;803;
606071 99937;
606072 97238;
606129 124;
606159 157846;
606164 124;
606170 85201;
606176 79134;99885;
606187 1020;
606190 2495;
606215 98722;
606217 98722;
606232 48652;
606240 319487;
606243 163699;
606282 90635;
606324 2828;
606325 450;
606346 228012;90635;
606353 247604;
606367 169100;
606391 552;
606392 552;
606394 552;
606407 163690;163693;238523;
606408 230839;
606438 98934;
606445 300324;
606451 90635;
606482 100044;228179;
606483 100043;
606519 42775;
606545 281122;313;79394;
606552 79136;
606554 79135;
606574 79435;
606579 247871;
606593 99812;
606595 99940;
606612 370959;370968;370980;
606640 803;
606656 1980;
606658 98769;
606660 39044;
606661 39044;
606662 3440;895;
606664 289891;
606685 154;
606690 538;
606693 306674;314632;
606703 324588;
606705 90635;
606708 2440;
606713 888;
606719 404560;
606744 808;
606762 35878;
606763 244;
606764 44890;
606766 276234;
606768 178400;
606772 397973;
606773 141148;
606777 71277;
606785 205;79235;
606812 24;
606824 35710;
606835 85169;
606843 101090;183663;
606852 2828;
606854 101070;268940;
606856 1333;
606864 97286;
606874 388;
606875 388;
606889 1020;
606893 140436;
606937 83472;
606943 231169;886;
606952 352731;352737;79434;
606966 655;
606984 427;99764;
606995 3156;
606996 3156;
607004 93388;
607014 579;93473;
607015 579;93476;
607016 579;93474;
607017 90635;
607039 90636;
607060 411602;
607078 93311;
607084 90636;
607085 589;
607086 229;91387;
607087 91387;
607088 139547;
607091 79332;
607095 93347;
607101 90636;
607107 150;
607115 1451;
607116 1020;
607131 166024;
607136 98759;
607143 79324;
607151 2573;
607152 100999;
607155 34515;
607161 93267;
607174 263662;
607196 99742;
607197 90635;
607200 95716;
607208 33069;
607214 1094;
607225 293168;
607239 90636;
607248 182067;
607250 94124;
607258 2197;
607259 99013;
607271 275517;
607304 91492;98991;98992;98995;
607313 2744;
607317 95434;
607323 93293;959;
607324 93334;
607326 178355;
607330 46059;
607341 268994;269001;269008;65683;
607346 98772;
607361 564;
607364 112;93605;
607371 79107;
607398 361;
607411 466729;
607417 88616;
607426 255249;
607432 95232;99796;
607450 217656;
607453 90635;
607454 98773;
607458 98771;
607459 254881;70595;
607464 146;
607473 98434;
607475 85128;
607482 154;
607483 199348;65284;
607485 100070;282;
607516 569;
607541 98963;
607543 168552;
607554 334;
607569 34521;
607572 548;
607584 101004;
607594 1572;
607595 36383;
607596 2254;
607598 137776;
607600 89839;
607602 281139;312;
607616 77293;99022;
607624 381;79477;
607625 646;
607626 59303;
607628 307;
607631 1941;
607634 2783;
607636 3416;
607641 139589;
607644 1334;
607654 50942;
607655 293165;
607656 307766;
607658 307936;
607665 91500;
607671 98807;
607676 70592;
607677 99942;
607678 101084;
607681 64280;
607682 307;
607683 90635;
607684 99939;
607685 3260;
607688 411602;
607694 137639;447893;447896;77295;88637;
607706 101097;
607721 2701;
607728 79152;
607731 101102;
607734 101085;
607736 99943;
607745 140927;306;
607748 238475;
607765 79301;
607778 63446;
607785 86834;
607791 100046;
607801 265;
607812 50814;
607821 90636;
607822 1020;
607823 69735;
607829 741;
607831 101097;99944;
607832 656;
607836 247871;
607841 90635;
607842 141074;
607847 2688;
607855 258;
607859 1063;
607864 1756;
607872 1606;
607876 86814;
607903 55654;
607906 79326;
607907 31112;
607921 791;
607932 139471;
607936 289586;
607941 1478;
607948 3389;
608013 355;85212;
608022 66637;
608027 97249;
608029 284332;
608030 275872;803;
608031 803;
608033 88619;
608035 618;
608051 319640;
608068 3243;
608088 139564;
608091 2318;
608093 86309;
608096 98819;
608097 2149;98892;
608098 2149;98892;
608099 62;
608104 79325;
608105 163727;
608106 101092;183666;
608115 64739;
608133 791;
608149 254519;
608154 50811;
608156 178303;
608161 99000;
608180 295197;93403;
608184 101091;183666;
608189 103918;
608194 1872;
608203 183707;
608207 507;
608217 1949;
608219 90636;
608220 101005;
608224 90635;
608227 314993;
608232 521;
608233 183678;79430;
608236 140481;
608264 90636;
608265 90636;
608266 143;
608290 140936;
608323 100045;
608328 2084;3449;
608340 217055;
608354 137667;
608355 2346;90307;
608358 53698;
608361 93283;
608363 1727;
608371 141291;199302;199306;
608372 90635;
608380 791;
608389 52429;
608390 612;99734;99735;99736;
608391 247871;
608392 247871;
608393 2512;
608394 90635;
608406 52047;
608415 75374;
608423 55595;
608432 52054;
608443 88616;
608456 220460;247798;
608462 388;
608470 98961;
608471 98964;
608540 79327;
608542 231160;
608545 2370;
608553 65;
608562 93334;
608565 90636;
608567 166282;
608569 154;
608571 52056;
608572 1200;
608578 2649;
608579 36426;95455;
608583 334;
608591 99941;
608594 528;
608600 79084;
608611 440706;
608612 2457;90154;
608615 300576;
608627 803;
608629 220493;
608634 139525;
608636 238446;
608641 90635;
608643 35708;
608644 244;
608645 90635;
608646 244;
608647 244;
608649 88621;
608652 90635;
608653 90636;
608654 64752;
608656 1331;
608658 1331;
608670 364577;
608673 99945;
608681 2311;
608687 101110;
608688 250977;
608695 98977;
608696 98977;
608703 101111;
608709 79087;
608710 900;
608716 2512;
608728 156728;
608747 73272;
608768 98760;
608776 79328;
608779 79333;
608782 765;79246;
608796 2573;
608799 79322;
608800 168593;
608804 280270;280282;
608805 86820;
608807 140922;
608808 860;
608810 399058;
608816 307;
608836 157;228308;
608837 319340;
608840 370968;
608864 199306;
608874 141291;199302;199306;
608885 168577;
608890 3440;895;
608895 280598;
608898 540;
608908 98619;
608911 137914;
608930 590;98913;
608931 590;98913;
608940 85167;
608957 169085;
608970 99001;
608971 169154;169157;169160;
608978 3097;
608980 217266;
608988 334;
609006 90636;
609015 746;
609016 5;
609029 96170;
609033 88628;
609039 2073;
609040 217656;
609041 101007;
609048 618;
609049 2670;
609052 168555;
609053 84;
609054 84;
609055 228357;79264;
609056 171714;
609057 300333;
609060 137681;
609069 65288;
609115 55596;
609122 231160;
609128 65720;
609129 90635;
609135 88;
609136 163746;
609140 98973;
609141 98973;
609143 157808;
609152 424;
609153 90044;
609161 228169;
609162 137678;
609165 281190;
609166 50815;
609180 79323;
609192 60030;91387;
609195 101006;
609197 361;
609200 98911;
609218 397618;
609220 2771;
609227 381;79478;
609241 3137;79279;79281;
609242 3137;79280;
609254 3156;
609260 99947;
609265 524;
609266 524;
609270 284324;
609273 171439;
609283 254892;
609284 171433;171439;171881;
609285 171436;171439;171881;
609286 254892;
609299 1331;
609304 1934;1935;
609306 101112;
609307 98764;
609308 86812;
609310 144;
609311 99954;
609313 171851;
609322 231108;69077;99966;
609324 166029;
609325 166032;
609340 101008;
609345 1396;
609352 158681;
609376 91492;98991;98992;98995;
609384 45358;
609400 247871;
609402 275555;
609403 275555;
609404 275555;
609408 2162;
609425 65286;
609428 45358;
609432 157801;
609439 90636;
609442 1906;
609446 79137;
609452 98912;
609454 240071;683;
609460 66629;
609465 2725;
609470 54260;
609508 209867;828;90653;
609524 171445;
609528 66631;
609532 284102;
609533 90636;
609535 240935;
609536 169150;
609541 320406;
609549 35612;
609558 1331;
609560 254875;
609566 60015;
609572 166409;
609573 166409;
609578 75249;
609579 168624;
609583 220497;
609597 60015;
609612 45358;
609620 51083;
609621 51083;
609622 51083;
609625 96148;
609628 77297;
609629 2978;
609630 67038;
609634 569;
609636 1020;
609637 2162;
609638 158687;
609640 264200;
609646 90636;
609647 90636;
609655 50809;
609698 171706;
609706 90636;
609727 101009;
609734 71526;
609741 91492;
609757 96121;
609782 86;
609790 1020;
609796 263534;
609800 36387;
609812 552;
609813 2311;
609814 200421;2134;329918;54370;93571;93579;
609815 295187;93402;
609820 247511;
609821 36355;
609823 90636;
609886 34149;
609888 548;
609889 231154;
609893 97927;
609909 154;
609913 791;
609915 154;
609923 791;
609924 137754;
609941 90636;
609942 648;
609946 90636;
609952 90636;
609955 2024;
609965 90635;
609968 263458;
609975 71212;
609981 75391;
609993 75325;
610003 1947;
610006 79157;
610015 71278;
610017 3237;
610019 91492;98991;98992;98995;
610021 165991;
610024 49382;
610031 208444;268940;300573;
610042 163681;221150;
610048 101068;
610069 157794;
610071 99879;
610090 79096;
610092 98938;
610093 2542;
610099 399086;
610100 401964;
610102 169150;
610125 178364;99001;
610127 168486;168491;228337;79262;79264;
610131 254892;
610140 168796;
610143 90636;
610153 90636;
610154 90636;
610156 75858;
610158 98974;
610163 169160;
610168 284973;558;60030;91387;
610181 51;
610185 1766;
610187 2140;
610188 2318;
610189 3156;
610193 217656;
610198 66634;
610199 79118;
610202 91492;
610204 166068;
610205 261629;52;
610212 90636;
610213 231160;
610217 35069;
610220 90636;
610227 168606;
610234 295199;93403;
610245 101108;
610246 101109;
610247 73247;
610248 90636;
610250 101011;
610253 261494;
610256 83461;
610265 90636;
610282 791;
610283 1872;
610293 83639;
610297 2828;
610313 157820;
610321 1331;
610329 51;
610333 51;
610353 98784;
610356 209932;
610357 101010;
610359 791;
610361 141291;199302;199306;
610370 83620;
610374 99886;
610377 29;
610379 83476;
610381 1872;
610419 90636;
610422 2850;
610425 91492;
610427 215;
610430 33226;
610442 168454;
610443 96169;
610444 215;
610445 215;
610448 90280;
610455 306658;53715;
610460 413687;
610474 85164;
610475 189439;
610476 217656;
610478 1872;
610483 83617;
610489 189439;
610498 254920;
610505 168566;
610508 552;
610532 85163;
610535 98977;
610536 79113;
610539 309252;355;
610542 353327;590;
610543 353281;783;
610549 2297;
610551 1930;
610582 99886;
610599 791;
610600 427;99763;
610612 65;
610618 100054;91378;
610623 91492;
610628 432;478;
610629 124;
610644 85112;
610651 220295;910;
610655 774;
610678 254925;
610682 216804;216812;216820;666;
610685 3329;
610687 171436;
610688 475;
610706 90024;
610708 98673;
610713 93409;
610717 98908;
610725 656;
610733 648;
610738 99749;
610743 88644;
610753 700;701;
610755 276152;
610756 1466;191;
610758 1466;191;
610759 199;
610768 91131;
610773 91130;
610798 90023;
610828 2162;
610829 2162;
610832 84;
610840 741;
610842 91135;
610852 244;
610878 289365;
610883 1713;
610896 107;
610898 240071;683;
610910 747;
610913 217566;440392;
610915 216804;216812;666;
610921 440402;
610926 99798;
610951 168491;228366;
610954 2896;
610967 216828;666;
610968 216812;216820;666;
610978 209905;
610984 200418;
610988 548;
610992 284417;
610997 1331;
611010 2024;
611022 90636;
611031 98809;
611038 2542;
611040 251279;
611067 206580;
611073 1020;
611090 88616;
611091 88616;
611092 88616;
611093 88616;
611095 88616;
611096 88616;
611097 88616;
611100 1331;
611102 94064;
611105 137898;
611107 88616;
611126 99901;
611131 791;
611134 564;
611136 307;64280;
611147 98810;
611152 1020;
611154 1020;
611155 1020;
611162 673;
611174 314555;
611182 95428;
611209 263508;
611222 77299;
611225 209951;
611228 139515;
611252 171622;
611263 474;
611274 98977;
611277 36387;
611283 79159;
611291 169079;
611302 397946;
611307 206549;
611308 91495;
611363 1478;
611364 307;
611369 137783;
611377 140908;
611383 231178;886;
611390 314603;
611391 91492;
611407 154;
611431 137605;
611451 90636;
611489 199247;
611490 667;
611493 334;
611494 334;
611497 210110;
611498 655;
611521 331226;
611523 166073;
611528 217656;
611543 464760;
611544 91492;
611553 648;
611554 500;
611556 137625;
611560 220497;
611561 564;
611584 3440;895;
611588 206554;
611590 18;93610;
611597 91492;
611603 171680;
611615 154;
611630 163717;
611631 98819;
611637 35689;
611638 98938;
611644 388;
611705 289377;
611717 163654;
611718 34527;
611719 137908;
611721 139406;
611722 487;
611726 263516;
611755 65;
611762 247868;
611771 329481;
611773 73229;
611775 2331;
611777 130;
611783 247511;
611788 91387;
611804 288;
611809 139455;
611812 139466;
611816 420561;
611818 101016;768;
611819 101016;334;768;
611820 101016;768;
611863 139450;
611867 261330;
611868 1331;
611875 130;
611876 130;
611878 154;54260;
611879 154;
611880 154;
611881 57;
611884 244;
611890 53696;
611891 86;
611892 231160;
611895 803;
611897 35612;
611907 209970;
611913 261197;
611926 137631;
611928 1331;
611936 251038;
611938 3286;
611942 64280;
611943 420741;
611944 79452;
611945 171612;
611955 1331;
611958 1331;
611959 1331;
612001 199318;
612004 168629;268322;
612015 244310;
612016 139485;
612018 247794;
612020 139480;
612067 210571;
612069 275872;803;
612073 1933;254803;
612075 254803;255235;298;
612076 94088;
612079 157954;
612095 791;
612099 79493;867;
612109 157962;
612119 103909;
612126 98811;
612132 238468;98813;
612138 158684;
612158 154;
612161 231160;
612162 231160;
612164 1934;33069;
612165 791;
612199 313838;
612201 334;
612219 2677;319;
612225 552;
612233 280270;280288;
612237 209916;
612240 334;
612242 276413;2929;79076;
612247 93262;
612260 183713;
612269 64280;
612274 244;
612279 36387;
612281 313;79394;
612284 564;
612285 2318;
612286 244305;
612287 244305;
612289 2963;
612290 140963;
612291 475;
612292 166108;
612293 79152;
612300 169464;
612301 178389;
612304 745;
612313 251019;
612319 171629;
612335 171617;
612336 743;
612337 36367;
612347 768;90647;
612350 157965;
612353 79152;
612359 201;
612370 432;478;
612376 520;
612379 324737;
612387 797;
612388 797;
612389 2524;
612390 2524;
612394 300284;
612406 370103;
612416 329;
612417 2073;
612422 75249;
612423 749;
612431 90635;
612433 90636;
612437 308;
612438 139441;
612444 244;
612445 171844;
612446 169150;
612462 79444;
612463 79445;
612469 893;
612474 250989;
612475 250994;
612513 261349;
612518 244;
612526 528;
612527 124;
612528 124;
612529 100033;88661;
612530 2162;250999;
612539 171863;
612540 210163;
612541 331176;
612551 84271;
612555 145;227535;
612557 67038;
612558 67038;
612559 67038;
612561 124;
612562 124;
612563 124;
612567 238569;
612572 791;
612576 3329;
612577 803;
612580 178469;
612581 178469;
612582 96125;
612586 231160;
612587 231160;
612591 220460;447877;
612621 178469;
612626 1596;
612627 306;
612631 86817;
612632 231169;886;
612642 90635;
612643 90635;
612644 90635;
612645 90636;
612649 244;
612650 244;
612651 199332;
612653 822;
612656 209967;
612657 1872;
612674 171848;
612690 822;
612691 208441;268940;
612692 229717;33110;
612702 432;478;
612703 2512;
612712 65;791;
612714 199337;
612715 241;
612716 70594;
612718 35704;
612726 1415;
612736 382;
612740 100924;
612775 1872;
612776 141152;
612780 199343;
612781 231671;631;
612782 169090;317428;
612783 169090;317430;
612789 90636;
612794 1478;
612798 137888;
612813 171866;
612838 130;871;
612840 2968;99844;
612841 444;
612843 2340;
612847 93282;
612851 2073;
612852 210115;
612858 141291;199302;199306;
612862 70591;
612863 251056;
612867 98959;
612868 98971;
612874 45;
612877 154;
612881 2149;98892;
612900 210141;
612908 50942;
612913 141000;
612916 217017;
612918 140944;
612921 2616;
612922 2134;93576;
612923 2134;93580;
612924 2134;93578;
612925 2134;93575;
612926 2134;217023;
612932 99849;
612933 2364;284426;
612936 280763;
612937 263494;
612938 210144;
612940 357064;
612943 791;
612946 217026;
612949 353217;
612951 85136;
612952 51;
612953 199351;
612954 199340;
612955 101016;768;
612956 228140;
612961 3237;
612965 242;
612968 91492;
612989 227976;98676;
612997 276234;
612998 261;98853;
612999 261;98853;
613001 2396;
613002 1930;
613007 186;
613008 186;
613011 238505;
613013 635;
613014 635;
613015 635;
613016 635;
613017 635;
613021 60033;
613024 545;
613026 217346;
613027 264580;
613028 182067;
613029 182067;360;
613030 182067;
613031 182067;
613032 182067;
613033 182067;
613038 95494;
613055 334;
613060 307;36387;
613065 513;
613067 513;
613068 217382;
613070 217371;
613071 60033;
613073 1040;
613074 90635;
613075 217335;
613076 330054;
613077 254892;
613078 240760;
613079 90636;
613080 242;
613085 98976;
613086 98976;
613087 1478;
613089 168984;
613090 112;89938;
613091 474;93269;93270;93271;
613092 217330;
613093 1871;49382;
613094 2542;
613096 320365;
613099 618;
613101 540;
613102 217407;
613105 75377;
613107 486;
613108 1334;
613112 140957;
613115 970;
613116 217467;
613118 82;
613119 130;
613120 130;334;
613122 154;
613123 130;
613135 238455;
613144 75377;
613148 238569;
613150 588;899;
613151 370959;
613152 370980;
613153 588;899;
613154 588;899;
613155 370959;370968;
613156 370959;370968;
613157 206564;
613158 206559;
613159 655;
613161 65287;
613162 320396;
613163 2066;
613172 154;
613174 329802;
613177 221145;
613179 760;
613180 250972;
613192 88616;
613193 244;
613194 791;
613195 363992;
613204 34520;
613205 157973;
613206 320401;
613211 100033;88661;
613215 217385;
613216 215;
613217 92050;
613223 548;
613224 648;
613225 331;
613227 1766;
613235 331;
613237 656;
613239 79102;
613244 144;
613252 154;
613254 805;
613265 897;
613266 897;
613267 98974;
613268 98974;
613269 98974;
613270 98974;
613271 98974;
613280 309854;
613285 90636;
613286 154;
613287 228174;
613290 240863;
613307 90636;
613308 124;
613309 124;
613310 891;
613312 289176;
613313 79230;
613318 45448;
613319 399096;
613320 401979;
613325 231108;69077;
613327 228429;
613328 221139;
613329 465;
613330 228387;
613339 166412;
613340 166412;
613341 65;791;
613342 2619;
613343 99642;
613345 681;
613347 1333;
613348 1333;
613355 261279;
613364 320355;
613370 552;
613371 211017;
613375 552;
613376 139525;
613382 93387;
613385 228426;
613388 3337;
613390 84;
613391 90636;
613392 90636;
613398 280558;
613399 145;227535;
613402 1934;
613404 2697;
613406 94065;
613407 548;
613411 75382;
613412 73247;
613424 154;54260;
613426 154;54260;
613428 791;
613435 803;
613443 228384;
613444 261222;
613451 228390;
613453 90636;
613454 3095;
613456 306542;
613457 261120;
613458 96078;
613464 791;
613470 712;
613471 779;
613477 3451;
613480 79452;
613485 101016;768;
613488 69078;99967;
613489 263501;
613490 60;
613493 1572;
613494 1572;
613495 1572;
613496 1572;
613500 229717;33110;
613501 229717;33110;
613502 229717;33110;
613506 229717;33110;
613507 263297;
613509 238750;
613517 2542;
613523 168953;
613530 238755;
613533 217340;
613545 141276;
613546 91;
613550 84081;
613554 166081;166084;166087;166090;166093;903;
613558 90635;
613559 254930;
613561 2598;
613563 363972;
613566 251380;46532;
613571 418;95699;
613573 247820;
613575 791;
613576 247827;
613581 791;
613582 791;
613587 247834;
613600 51084;
613604 261211;
613608 86814;
613610 1515;
613611 99141;
613612 263487;
613615 3156;
613616 416;93600;
613617 791;
613618 199315;238578;
613625 35909;
613630 465824;
613638 357001;447980;
613640 36386;
613641 254334;
613642 154;
613643 2828;
613646 280183;
613647 306511;
613652 169147;
613657 79315;
613658 178506;
613660 1872;791;
613661 280071;
613662 298;
613668 402364;
613670 391372;
613672 254343;
613673 293825;
613674 289365;
613675 139474;636;97685;
613676 808;
613677 251274;
613678 93302;
613679 325;
613680 363444;
613681 1836;
613684 353284;783;
613685 90636;
613686 2311;
613688 101016;768;
613689 238744;
613693 101016;768;
613694 154;
613695 101016;768;
613697 154;
613702 2345;
613703 98938;
613704 2542;
613705 199306;
613706 648;
613707 500;
613708 36386;
613710 217396;
613711 388;
613712 388;
613717 861;
613718 90636;
613720 439218;
613721 1934;
613722 293181;3451;
613723 254361;
613724 163684;
613728 284289;
613729 254351;
613730 306547;
613731 791;
613735 401986;
613740 154;
613743 168558;
613744 280763;
613750 791;
613751 450;
613752 88618;
613756 791;
613758 791;
613759 306550;
613762 242;
613763 441452;91492;98992;98993;98995;
613767 791;
613769 791;
613779 280133;
613780 91387;
613783 169147;
613789 169150;
613790 169150;
613791 331187;
613792 1620;
613794 791;
613795 284984;
613796 391311;
613800 2554;
613801 791;
613803 2554;
613804 2554;
613805 2554;
613806 171;
613807 244;
613808 244;
613809 791;
613810 791;
613811 2524;
613812 79302;
613818 280333;
613819 474;
613820 655;
613823 808;
613824 655;
613825 169150;
613826 65;
613827 791;
613828 36387;
613829 65;
613830 215;
613832 402082;
613834 404463;
613835 65;
613837 65;
613839 319651;
613843 65;
613845 363694;
613848 216812;666;
613849 216820;666;
613854 860;
613855 211067;
613856 49382;
613860 331190;
613861 791;
613862 791;
613863 36387;
613865 90636;
613869 280553;
613877 280356;
613881 154;
613882 34527;
613884 1587;
613885 564;
613908 276193;
613909 276183;
613912 169467;
613916 90636;
613925 2478;
613926 2478;
613930 2850;
613943 313;
613951 84;
613953 1334;
613954 275872;803;
613955 353220;
613956 1334;
613957 399805;
613958 171709;399808;
613960 379;
613970 178469;
613971 289266;
613972 618;
613977 280615;
613978 93616;
613980 334;
613981 90368;
613982 216812;216820;666;
613983 791;
613985 231214;231222;848;
613986 95494;
613987 1775;
613988 1775;
613989 1775;3322;
613990 1775;3322;
614008 280576;
614009 220443;
614017 244;
614018 280620;
614019 1083;
614020 88616;
614021 3286;
614022 334;
614025 140905;
614028 79506;
614035 90636;
614037 79507;
614038 3226;
614039 300570;
614042 2573;
614049 334;
614050 334;
614052 1194;
614053 254913;
614065 63273;
614066 280763;
614067 280763;
614069 2268;
614072 231512;79430;
614073 231500;79430;
614074 231512;79430;
614075 231512;79430;
614076 231531;79430;
614077 231537;79430;
614078 280586;
614079 1163;
614080 280633;
614082 84;
614083 84;
614089 1478;
614090 166282;
614091 93271;
614096 319504;
614097 926;
614098 435628;
614099 1515;
614100 171719;
614102 183675;
614103 77243;
614104 464306;
614105 289307;
614111 255138;765;
614113 178469;
614114 1052;
614115 280640;
614116 456318;
614120 2189;
614128 2364;284435;
614129 2855;
614131 656;
614134 250984;828;
614135 166002;
614149 79143;90390;
614152 90635;
614153 276198;
614156 276405;
614157 280654;
614160 275534;
614162 391487;
614165 29072;
614170 90354;
614171 280663;79430;
614172 228423;
614173 475;
614175 564;
614180 791;
614181 791;
614185 2623;
614186 65;
614187 293958;
614188 284149;
614190 189439;
614192 137634;
614196 656;
614198 590;98913;
614199 306507;
614200 73271;98886;
614201 73271;98885;
614202 88616;
614203 411602;
614204 247353;404546;
614205 2616;
614207 247262;
614208 88616;
614209 564;
614211 90635;
614212 263524;
614213 970;
614219 974;
614220 186;
614221 186;
614222 2510;
614223 2073;
614224 284247;
614225 2510;
614226 2162;
614228 284232;
614229 284271;
614230 284160;
614231 306558;
614233 79146;
614237 55654;
614238 55654;
614249 88616;
614250 2073;
614251 411602;
614252 231160;
614253 171836;
614254 178469;
614255 178469;
614256 178469;
614257 178469;
614261 294016;
614265 289504;
614266 99976;
614280 307;
614284 250984;828;
614286 52688;
614290 3307;
614291 145;
614292 98619;
614293 254688;99927;
614296 411590;
614298 289560;
614299 401874;
614300 289290;
614302 261;98853;
614303 293936;
614305 3152;
614307 79095;
614317 289365;
614318 289365;
614319 289365;
614320 1333;
614322 284282;
614323 79150;
614324 243;
614325 221150;
614326 1305;391646;
614327 289539;
614328 294023;
614329 88616;
614331 144;
614333 88616;
614335 1146;
614337 144;
614338 309031;309108;309111;
614340 88616;
614341 88616;
614342 88616;
614343 88616;
614344 88616;
614345 88616;
614346 88616;
614347 88616;
614350 144;
614369 397744;
614370 264675;
614371 99828;
614372 449306;
614373 300605;
614375 86;
614376 474;
614377 655;
614378 1515;
614379 169147;
614380 169147;
614381 88637;
614385 144;
614388 330050;
614395 39812;
614399 439212;
614407 329332;
614408 169189;
614409 320391;
614414 90636;
614415 90280;
614416 293925;
614417 163717;
614418 165805;
614420 300345;
614422 91492;98989;98992;
614424 220493;220497;2318;475;
614429 1480;
614430 98722;
614431 1480;
614432 1480;
614433 1478;
614434 90348;
614435 2248;
614436 300319;
614437 90349;
614438 293633;2962;
614441 2796;
614450 97927;
614455 93114;
614456 293822;
614457 352333;
614458 293955;
614462 401859;
614464 220493;475;
614465 2318;
614468 300359;
614470 268114;
614473 51608;
614474 98722;
614475 1478;
614480 300293;
614482 300313;
614483 2940;99810;
614485 3366;
614486 436169;
614487 313772;
614491 757;88939;
614492 757;88940;
614493 906;
614494 791;
614495 300525;757;
614496 300530;757;
614497 98938;
614498 435845;
614499 88616;
614500 1872;791;
614504 231183;886;
614507 300536;
614508 238722;
614514 743;
614521 3318;71493;
614524 2021;
614526 261272;
614527 261265;
614546 240869;
614557 300179;
614558 442835;
614559 313850;
614563 178469;
614564 313846;
614565 215;
614569 163634;
614576 464443;
614582 319509;
614583 2995;
614588 306734;
614592 313855;
614594 659;
614595 275555;
614602 84064;
614607 1465;
614608 1465;
614609 1465;
614613 280651;950;
614614 90635;
614615 475;
614616 314373;
614617 90636;
614618 3197;
614619 3197;
614621 178338;
614640 178338;
614643 899;
614650 280406;
614651 254898;
614652 255249;
614653 314381;
614654 319678;
614662 168588;
614665 314376;
614669 137888;
614671 370079;
614672 154;
614673 2512;
614675 314399;
614678 2254;
614679 244;
614688 269229;
614691 91492;
614692 97560;
614696 803;
614699 1572;
614700 445018;
614701 199;
614702 314637;
614706 314629;79262;
614707 97229;
614714 79152;
614723 976;
614727 314667;
614731 1331;
614732 85173;
614736 361;
614739 352328;
614741 447784;
614742 88;
614743 88;
614744 306530;
614748 306504;
614749 247262;
614750 353327;590;
614751 139536;
614753 420179;
614756 314647;
614779 450;
614800 391677;
614807 319160;
614808 803;
614809 329918;329931;54370;
614813 314394;
614814 974;
614815 2754;
614816 91387;
614817 401996;
614819 3449;
614820 2131;
614822 276234;
614823 402075;
614830 899;
614831 324262;363429;
614832 100033;88661;
614833 208447;268940;
614834 79102;
614837 432;478;
614838 432;478;
614839 432;
614840 432;478;
614841 432;
614842 432;
614844 2318;
614845 3156;
614846 314588;
614849 1930;
614850 1930;
614851 319675;
614852 2512;
614856 216812;666;
614857 26;369955;
614858 432;478;
614859 912;
614860 420492;
614861 90636;
614862 912;
614863 44;772;
614866 912;
614867 44;772;
614868 314689;
614869 231169;886;
614870 912;
614871 44;772;
614872 912;
614873 44;772;
614874 244;
614875 99646;
614876 912;
614877 44;772;
614878 324530;
614879 773;
614880 432;478;
614881 314485;
614882 912;
614883 912;
614885 44;772;
614886 912;
614887 912;
614889 319547;319574;
614890 319558;
614891 319552;
614892 319595;
614893 319600;
614895 99952;
614896 324321;
614897 478;
614898 319199;
614899 90636;
614900 124;
614915 137783;
614916 3286;
614920 44;772;
614921 319646;
614922 324535;
614923 308410;
614924 314051;
614926 2855;
614928 69084;
614929 69084;
614931 69084;
614932 319514;
614934 90636;
614935 244;
614936 79501;
614937 319189;
614940 1810;238468;
614941 238468;248;
614944 90636;
614945 90636;
614946 319519;
614947 319524;
614959 293181;
614961 324569;
614962 66628;
614963 179494;
614969 284339;
614970 220493;475;
614972 69665;
614973 398166;398173;
614974 398166;398189;
614976 65759;
614979 313800;
614990 231169;886;
615005 98784;
615006 3451;
615007 1980;
615008 2134;329903;357008;54370;
615009 329224;
615010 51;
615022 79394;
615023 79394;
615024 79394;
615025 329258;
615026 411712;
615028 412189;
615030 320411;
615031 320385;
615033 320380;
615034 420485;
615035 320375;
615040 391384;391389;
615041 899;
615042 329178;
615043 320370;
615048 276435;
615057 329255;
615058 215;
615059 55654;
615065 329457;
615066 216820;666;
615067 244;
615071 319671;
615072 93388;
615073 329466;
615074 363686;
615075 404473;
615081 399805;
615083 220460;447877;
615084 352447;
615085 667;
615092 54260;
615095 329228;
615102 289553;
615106 201;
615107 201;
615108 201;
615109 201;
615112 2704;
615113 2542;
615119 1561;
615120 590;98913;98914;
615122 238505;
615127 86814;
615134 618;
615135 268162;511;
615139 352712;
615145 98938;
615147 352718;
615155 438117;
615156 352470;
615157 1460;
615158 1460;
615159 1460;
615160 1460;
615162 357175;
615163 1872;
615170 357332;
615179 352745;
615181 588;899;
615182 356978;
615184 154;
615185 352670;
615188 91492;
615190 1775;3322;
615191 352682;
615193 140957;
615206 357237;
615207 357329;
615214 229717;33110;
615217 64753;
615219 2185;
615220 216812;216820;666;
615221 85193;
615222 178355;
615224 164736;
615225 352662;
615226 93334;
615228 254913;
615233 791;
615234 300298;
615235 154;
615236 137658;
615237 2301;
615238 435651;
615244 656;
615248 154;75249;
615249 899;
615266 432;478;
615267 478;
615268 1766;
615269 432;478;
615270 432;478;
615271 478;
615272 84;
615273 404454;
615274 91492;
615277 91492;
615278 1340;
615279 1340;
615280 1340;
615281 363412;
615284 363981;
615285 369852;
615286 363528;
615287 899;
615290 363447;363454;
615293 2591;
615294 244;
615297 974;
615298 3250;
615300 2855;
615312 370091;
615314 35098;35099;
615325 363543;
615327 79145;
615328 363523;
615330 363424;
615338 293181;352596;
615342 422;
615343 422;
615344 422;
615346 759;
615348 171430;
615349 75496;
615350 588;
615351 370959;370968;
615352 363623;
615355 648;
615356 369840;
615360 65;
615361 2238;428;
615362 352709;79262;
615363 785;
615368 363409;
615369 1942;2382;
615373 154;54260;
615374 1872;
615376 369867;
615377 334;
615378 334;
615381 363649;
615382 655;
615386 352403;
615387 397959;
615390 289365;
615395 352563;
615396 154;54260;
615397 564;
615398 369837;
615399 447;
615400 86814;
615401 228003;
615402 241;
615413 399805;399808;
615414 2512;
615415 294415;
615418 1369;
615419 371364;
615422 52430;
615424 52430;
615425 412181;
615426 803;
615429 90636;
615431 98619;
615433 1621;
615434 791;
615436 91387;
615438 370088;
615440 369913;
615441 3286;
615444 244;
615451 244;
615453 1460;
615458 369970;
615465 2117;
615468 397964;
615471 369897;
615473 1934;
615474 369929;
615476 369894;
615481 244;
615482 244;
615483 1980;
615485 352577;
615486 440427;
615490 397968;
615491 352654;
615493 356996;
615500 244;
615501 308400;833;99732;
615502 363611;
615503 93271;
615504 244;
615505 244;
615506 774;
615508 369992;
615510 869;
615511 45;
615512 868;
615513 397596;
615515 803;
615516 329195;
615517 247790;
615518 228000;
615522 324561;
615523 98974;
615524 2470;
615527 1334;
615528 2828;391411;
615529 35093;
615530 391411;
615537 178307;
615539 2953;
615540 90636;
615541 391307;
615544 2149;98892;
615545 99860;
615546 314679;
615547 398069;739;
615548 391397;
615550 124;
615551 306577;
615552 391384;391392;
615553 370943;
615554 50920;
615555 397685;
615557 31202;
615559 3261;
615560 2792;
615565 791;
615573 656;
615574 391376;
615575 139525;
615577 1572;293978;
615578 391348;
615582 91387;
615592 397787;
615593 431149;
615595 397593;
615596 370921;
615597 370924;
615598 140966;
615599 397951;
615604 440731;
615605 3337;
615607 169082;
615615 169160;
615616 217656;
615617 169160;
615619 70567;
615625 401849;
615629 90635;
615630 140969;474;
615631 98869;
615632 36386;
615633 474;93271;
615636 397715;475;
615637 397612;
615643 397725;
615649 90635;
615651 363540;
615654 90635;
615656 261183;
615658 431329;
615663 2510;
615665 2754;
615668 439822;
615670 93921;
615673 401768;
615674 79145;
615681 401785;
615683 401810;
615685 401780;
615686 401805;
615688 404553;
615696 79145;
615697 163717;
615703 397615;
615704 221043;
615705 404499;
615706 137888;
615707 437552;
615709 397927;
615710 293864;
615715 401764;
615716 247262;
615721 411709;
615722 401777;
615725 791;
615726 2309;
615728 2309;
615731 171430;171433;171436;171439;
615735 402003;
615744 33069;
615745 1344;
615750 401945;
615751 401948;
615752 268940;98889;
615758 280142;
615760 404437;
615761 404440;
615767 238569;
615768 412057;
615770 334;
615774 404466;
615777 1425;
615779 98722;
615780 791;
615785 171723;
615802 88616;
615803 411493;
615807 808;
615809 369920;
615816 443811;
615817 88616;
615821 65282;
615824 1460;
615828 178469;
615829 412069;
615830 189439;
615833 442835;
615834 352490;
615837 90636;
615838 1460;
615841 399805;
615842 399805;
615846 51;
615848 618;
615849 420584;
615851 247198;
615859 411986;
615860 1872;
615861 656;69061;
615862 655;
615863 329242;
615866 1465;
615871 442835;
615872 244;
615873 404448;
615877 424099;
615878 172;79304;
615879 404443;
615883 2593;
615885 55654;
615887 100033;88661;
615888 420566;
615889 135;99853;
615892 401942;
615895 329173;397937;
615896 170;
615897 420573;
615905 442835;
615907 79452;
615909 124;
615911 275872;
615916 154;
615917 420728;
615918 420733;
615919 438134;
615922 791;
615923 329191;
615924 363400;
615925 314811;
615934 425120;
615935 2805;
615937 83473;
615938 83473;
615942 88616;
615945 363710;
615947 444490;
615948 434179;
615952 438159;
615954 189427;
615957 423296;
615959 169186;
615960 370022;
615961 140941;
615962 786;
615963 289365;
615966 317425;
615969 168612;
615970 168615;
615972 35612;
615973 1872;
615974 90636;
615978 319581;
615979 88616;
615980 435660;
615981 110;
615982 110;
615983 110;
615984 110;
615985 110;
615986 110;
615987 110;
615988 110;
615989 110;
615990 110;
615991 110;
615992 110;
615993 110;
615994 110;
615995 110;
615996 110;
616000 86816;
616001 180188;
616002 656;
616004 248408;335;98881;
616005 397596;
616006 2136;
616007 436174;
616022 423384;
616025 247262;
616026 93111;
616028 974;
616029 423454;
616030 478;
616032 656;
616033 391408;
616034 431361;
616037 244;
616038 2671;
616039 435998;
616040 590;98914;
616042 90636;
616044 90635;
616050 436166;
616051 808;
616052 352479;
616053 423275;
616055 401953;
616056 442835;
616059 238722;
616063 79152;
616069 294023;
616078 436151;
616079 397758;
616080 2512;
616081 2254;
616083 436151;
616084 369861;
616094 445110;
616095 438075;
616099 420686;
616100 436159;
616106 247353;
616108 436245;
616111 1460;
616113 453533;
616115 47045;
616116 88616;
616117 436242;
616126 319563;
616127 453521;
616138 2855;
616139 3451;
616140 438114;
616145 1388;
616151 99000;
616152 99000;
616154 438178;
616155 443073;
616158 438213;438216;
616165 171430;171436;
616166 91387;
616171 808;
616172 36387;
616176 438207;
616187 435438;
616188 791;
616192 445062;
616193 88616;
616198 444013;
616199 456369;
616200 435953;
616201 435988;
616202 444072;
616204 363429;363432;
616208 803;
616209 457050;
616211 442835;
616212 1083;
616217 84081;
616219 233;91411;
616220 656;
616221 100031;100032;88661;
616222 254516;
616227 353327;590;
616228 353327;590;
616229 216812;666;
616230 424027;
616231 88635;
616233 443950;
616239 444458;
616247 101016;768;
616249 101016;768;
616258 439897;
616263 456312;
616265 263543;263548;
616267 459033;
616268 457193;
616269 457212;
616270 100031;88661;
616271 445038;
616276 457185;
616277 255241;
616279 91492;
616280 397735;
616282 444099;
616286 2680;
616287 2680;
616291 448251;
616294 2050;
616295 444138;
616298 85191;
616299 401862;
616300 474;
616304 590;98913;
616307 3156;
616311 2514;
616313 590;98913;
616314 590;98913;
616321 590;98913;
616322 590;98913;
616323 590;98913;
616324 590;98913;
616325 590;98913;
616326 590;98913;
616329 552;
616330 590;98914;
616331 3107;97360;
616335 2518;
616339 442835;
616340 90635;
616341 1934;1935;3451;
616346 2382;442835;
616353 1775;3322;
616354 397709;
616355 457279;
616357 90635;
616361 411602;
616362 457284;
616366 442835;
616367 443995;
616368 444077;
616369 444069;
616370 457406;
616371 2032;
616373 2032;
616389 215;
616390 33364;
616393 178469;
616394 791;
616395 33364;
616399 130;
616400 448264;
616402 2512;
616409 442835;
616410 458798;
616411 464440;
616413 1980;
616414 444092;
616415 220460;454840;
616418 34527;
616421 1942;
616425 242;
616428 98938;
616430 447954;
616433 447737;
616435 84;
616436 101046;
616437 275864;275872;803;
616439 275872;
616445 1334;
616449 464738;
616452 464336;
616455 3473;
616457 448010;
616460 88616;
616461 101046;
616462 1200;
616468 891;
616469 791;
616470 75840;
616471 610;
616479 329336;
616481 244;
616482 85165;
616483 464724;
616486 2512;
616490 475;
616491 447964;
616494 88637;
616500 1561;
616501 1561;
616502 1872;
616505 90120;
616507 216820;666;
616509 91492;98994;
616511 552;
616515 90636;
616516 261;98855;
616517 49382;
616531 268940;98889;
616532 1930;
616534 319487;
616535 319487;
616538 370997;899;
616540 457265;
616541 436182;
616544 791;
616546 397715;
616549 447974;
616553 3322;397692;
616559 648;
616562 791;
616564 648;
616566 2311;
616568 251627;251630;
616570 1466;191;
616576 1572;
616577 457351;
616579 178469;
616580 453499;453504;
616583 459051;
616586 447760;
616589 974;
616602 35098;35099;63440;
616603 90348;
616606 1440;
616617 3220;
616629 3156;
616631 79152;
616636 431166;
616638 457485;
616640 324290;
616645 293181;
616647 457375;
616649 822;
616651 353298;
616654 475;
616657 447997;
616680 459056;
616681 2512;
616684 391351;
616687 435387;
616689 3202;
616697 90635;
616705 90636;
616707 90635;
616708 284169;
616720 590;98913;98914;
616723 457395;
616724 99798;
616726 244;
616730 656;
616734 2505;
616738 71289;
616739 88616;
616749 450;
616756 464282;
616760 170;
616777 808;
616781 475;
616784 475;
616788 199306;
616789 369891;
616792 635;
616795 458803;
616801 371364;
616803 313884;313892;
616806 654;
616809 247262;
616817 391408;
616835 2554;
616840 2828;
616849 93388;
616851 91492;
616852 447977;
616858 201;
616859 401866;
616860 255132;
616868 103908;
616873 317473;
616882 164736;
616887 88616;
616892 656;
616893 656;
616894 3107;97360;
616897 457378;
616898 261190;
616901 459061;
616903 413687;
616910 2268;
616911 2268;
616914 300382;
616938 1465;
616941 229717;33110;
616943 33364;
616949 404493;
616950 399805;
616958 90636;
616963 300547;
616968 90635;
616969 90635;
617004 2924;
617008 210141;
617011 457359;
617014 420702;
617017 443950;
617022 464366;
617023 791;
617025 64754;
617026 2524;
617028 88616;
617035 466729;
617039 466729;
617041 233;
617047 75249;
617055 157820;
617063 2554;
617065 3451;
617069 254886;
617070 329314;
617072 424261;
617073 99798;
617075 150;
617080 306;
617090 2512;
617091 244;
617092 244;
617105 1935;442835;
617106 442835;
617108 157798;
617113 2382;
617115 289586;
617116 98820;
617118 98820;
617119 110;
617120 475;
617121 220493;475;
617123 791;
617125 88616;
617132 442835;
617137 1826;
617141 250923;
617142 250923;
617143 590;98914;
617153 442835;
617157 464288;
617162 442835;
617166 442835;
617168 91387;
617169 821;
617171 468620;
617174 75392;
